host: 536854528
8128
24512
40896
57280
73664
90048
106432
122816
139200
155584
171968
188352
204736
221120
237504
253888
270272
286656
303040
319424
335808
352192
368576
384960
401344
417728
434112
450496
466880
483264
499648
516032
532416
548800
565184
581568
597952
614336
630720
647104
663488
679872
696256
712640
729024
745408
761792
778176
794560
810944
827328
843712
860096
876480
892864
909248
925632
942016
958400
974784
991168
1007552
1023936
1040320
1056704
1073088
1089472
1105856
1122240
1138624
1155008
1171392
1187776
1204160
1220544
1236928
1253312
1269696
1286080
1302464
1318848
1335232
1351616
1368000
1384384
1400768
1417152
1433536
1449920
1466304
1482688
1499072
1515456
1531840
1548224
1564608
1580992
1597376
1613760
1630144
1646528
1662912
1679296
1695680
1712064
1728448
1744832
1761216
1777600
1793984
1810368
1826752
1843136
1859520
1875904
1892288
1908672
1925056
1941440
1957824
1974208
1990592
2006976
2023360
2039744
2056128
2072512
2088896
2105280
2121664
2138048
2154432
2170816
2187200
2203584
2219968
2236352
2252736
2269120
2285504
2301888
2318272
2334656
2351040
2367424
2383808
2400192
2416576
2432960
2449344
2465728
2482112
2498496
2514880
2531264
2547648
2564032
2580416
2596800
2613184
2629568
2645952
2662336
2678720
2695104
2711488
2727872
2744256
2760640
2777024
2793408
2809792
2826176
2842560
2858944
2875328
2891712
2908096
2924480
2940864
2957248
2973632
2990016
3006400
3022784
3039168
3055552
3071936
3088320
3104704
3121088
3137472
3153856
3170240
3186624
3203008
3219392
3235776
3252160
3268544
3284928
3301312
3317696
3334080
3350464
3366848
3383232
3399616
3416000
3432384
3448768
3465152
3481536
3497920
3514304
3530688
3547072
3563456
3579840
3596224
3612608
3628992
3645376
3661760
3678144
3694528
3710912
3727296
3743680
3760064
3776448
3792832
3809216
3825600
3841984
3858368
3874752
3891136
3907520
3923904
3940288
3956672
3973056
3989440
4005824
4022208
4038592
4054976
4071360
4087744
4104128
4120512
4136896
4153280
4169664
4186048
device: 536854528
