1 1
3 10
2 11
4 14
5 17
6 19
7 33
8 37
9 41
12 47
13 60
11 60
10 61
16 67
14 67
15 68
17 75
18 83
20 89
19 95
22 114
23 118
21 118
24 121
27 124
28 127
25 128
26 133
29 139
30 142
31 145
36 157
35 161
32 161
33 164
37 167
34 173
41 179
40 192
38 197
39 204
42 207
45 215
44 227
43 229
46 230
47 232
50 233
52 245
51 248
48 248
53 251
49 266
61 290
56 290
59 291
58 292
55 293
62 295
60 310
57 314
54 315
64 323
66 329
63 333
68 339
71 340
69 345
67 350
65 358
70 359
73 364
72 367
76 376
75 376
74 378
80 387
79 390
81 392
77 392
82 407
85 409
94 418
83 418
78 425
95 427
89 428
87 431
92 439
86 442
84 445
90 446
91 459
99 463
98 466
88 469
93 472
96 479
97 486
100 492
103 495
101 497
104 513
105 525
108 527
102 531
112 535
117 539
113 541
116 546
107 547
106 553
109 567
115 571
121 577
110 579
111 585
114 588
123 599
127 606
124 613
122 613
132 615
120 617
118 619
128 620
119 621
129 623
126 623
135 634
134 647
125 647
130 652
137 654
133 655
131 659
139 686
136 693
143 696
148 697
140 700
138 702
147 707
150 713
142 715
141 716
146 733
145 735
151 737
152 744
155 749
149 755
153 757
144 758
161 763
162 783
159 787
156 787
163 792
160 794
167 799
157 799
166 800
164 805
154 812
173 824
158 839
169 840
165 840
170 845
180 847
172 847
171 849
179 864
183 867
176 869
177 886
168 890
178 897
184 899
175 905
189 907
182 916
174 920
192 926
197 935
191 939
185 944
181 945
186 955
190 957
188 970
201 971
187 997
193 1000
206 1011
205 1011
200 1011
194 1014
198 1019
199 1026
211 1032
210 1032
204 1033
203 1034
195 1037
223 1039
213 1044
209 1044
208 1050
196 1052
215 1055
207 1063
217 1065
202 1065
224 1079
218 1080
227 1085
221 1089
219 1097
216 1100
212 1111
226 1120
225 1125
220 1135
232 1139
231 1146
214 1147
229 1151
236 1152
222 1152
234 1154
240 1159
233 1165
228 1175
242 1177
238 1184
237 1186
244 1195
235 1198
250 1201
241 1208
252 1213
247 1216
243 1226
230 1230
245 1234
255 1235
251 1243
249 1245
254 1250
246 1252
239 1256
253 1257
257 1258
248 1258
258 1269
262 1272
260 1272
261 1281
256 1299
271 1306
285 1318
263 1320
265 1322
266 1323
276 1330
279 1339
259 1341
275 1347
268 1354
277 1357
273 1363
274 1364
282 1366
267 1371
278 1374
264 1375
280 1378
272 1379
284 1390
269 1394
281 1398
299 1403
283 1415
295 1417
270 1418
293 1423
288 1437
298 1439
290 1452
292 1459
287 1459
289 1460
294 1467
309 1468
297 1475
286 1478
296 1479
300 1489
291 1494
304 1497
301 1499
308 1502
313 1518
312 1522
314 1525
302 1533
311 1539
319 1544
320 1550
303 1560
323 1562
306 1562
315 1572
328 1573
338 1583
305 1583
307 1594
318 1595
322 1603
317 1611
331 1619
316 1627
321 1632
310 1632
340 1642
334 1646
332 1648
325 1649
336 1652
326 1652
324 1660
344 1668
353 1671
337 1675
345 1678
330 1678
329 1681
333 1682
347 1686
341 1687
348 1693
335 1697
343 1699
354 1710
327 1716
349 1736
342 1737
351 1738
352 1739
350 1763
361 1765
357 1765
360 1768
355 1768
346 1771
356 1777
359 1781
339 1784
358 1792
364 1795
371 1807
367 1825
363 1836
362 1837
369 1839
375 1849
373 1851
374 1853
365 1855
387 1858
376 1869
384 1874
368 1876
377 1879
379 1880
382 1890
381 1901
400 1908
370 1908
389 1913
378 1926
372 1941
390 1943
385 1948
410 1950
383 1951
366 1952
391 1955
386 1957
380 1957
398 1958
392 1958
401 1959
393 1979
388 1985
404 1991
396 1994
397 1999
405 2004
394 2009
395 2012
407 2014
403 2018
424 2036
408 2036
402 2055
414 2057
412 2057
419 2058
415 2066
423 2071
399 2073
411 2074
422 2082
421 2088
420 2090
425 2092
406 2095
416 2099
417 2101
431 2104
409 2108
413 2113
418 2115
430 2121
433 2124
428 2125
427 2127
438 2147
429 2155
435 2158
434 2160
437 2164
442 2171
436 2178
439 2182
447 2183
444 2185
448 2191
441 2198
440 2204
426 2209
457 2219
443 2221
432 2223
445 2228
454 2230
452 2231
446 2231
453 2240
449 2241
450 2244
460 2255
459 2280
451 2284
455 2287
463 2290
470 2294
467 2299
456 2302
462 2306
466 2307
477 2312
464 2326
461 2327
468 2328
481 2338
472 2351
473 2365
479 2374
458 2375
485 2376
475 2381
465 2382
476 2386
488 2392
480 2396
482 2398
469 2398
474 2399
491 2405
484 2420
495 2426
487 2435
471 2441
483 2445
486 2452
490 2459
494 2463
498 2467
492 2471
478 2471
497 2476
489 2480
503 2485
504 2487
510 2497
509 2507
493 2515
513 2527
508 2527
500 2529
528 2530
512 2538
496 2540
534 2541
505 2543
502 2545
521 2552
501 2557
516 2562
518 2564
506 2564
517 2570
520 2572
515 2572
527 2573
499 2573
514 2576
522 2577
535 2586
507 2599
525 2600
523 2613
519 2618
548 2619
536 2635
524 2635
511 2646
537 2648
531 2651
540 2661
530 2664
549 2676
539 2680
526 2683
545 2701
544 2703
546 2711
533 2711
529 2730
538 2739
541 2747
547 2748
532 2761
543 2769
542 2777
553 2778
563 2781
554 2783
578 2786
558 2791
556 2793
557 2797
569 2801
562 2801
565 2805
552 2805
564 2809
551 2810
570 2811
561 2821
550 2835
574 2836
567 2839
560 2840
572 2848
559 2849
600 2857
568 2857
579 2859
589 2883
571 2886
573 2889
555 2895
584 2896
581 2897
580 2906
583 2910
577 2915
576 2919
592 2934
599 2941
582 2946
575 2957
566 2962
594 2971
609 2973
605 2976
607 2979
596 2993
597 2999
587 3004
595 3005
603 3007
590 3010
588 3012
585 3014
610 3015
586 3017
593 3018
598 3025
617 3027
611 3033
591 3033
618 3034
613 3038
602 3039
615 3045
624 3055
606 3058
601 3060
616 3077
604 3086
619 3094
632 3095
612 3098
631 3100
614 3106
622 3108
625 3109
608 3112
642 3122
639 3126
626 3126
620 3131
623 3136
628 3149
647 3164
674 3165
657 3173
645 3178
630 3180
643 3181
650 3184
641 3184
627 3187
621 3188
634 3189
637 3192
659 3195
655 3196
666 3202
649 3209
651 3212
648 3221
633 3225
629 3230
646 3231
638 3231
656 3257
636 3260
640 3272
670 3276
660 3287
667 3295
635 3296
653 3300
687 3301
658 3304
652 3304
664 3305
654 3316
668 3319
661 3320
663 3335
688 3352
672 3354
644 3357
669 3364
671 3366
665 3369
662 3374
675 3375
678 3383
683 3385
685 3389
682 3395
673 3405
684 3415
677 3416
694 3427
679 3427
701 3441
693 3444
676 3451
681 3454
698 3461
686 3461
692 3462
680 3468
689 3473
697 3474
695 3474
703 3478
690 3482
691 3498
724 3503
702 3503
705 3505
711 3509
706 3509
707 3511
709 3512
716 3515
700 3530
708 3543
713 3546
696 3546
723 3560
710 3562
717 3563
731 3566
722 3571
726 3573
745 3576
712 3582
728 3592
699 3593
730 3598
732 3600
754 3602
727 3608
704 3617
748 3618
715 3623
733 3626
725 3629
718 3634
736 3638
719 3652
734 3653
729 3659
720 3659
742 3665
747 3669
739 3679
749 3685
735 3685
721 3685
737 3693
714 3700
740 3720
750 3729
753 3743
759 3744
752 3746
751 3749
738 3753
744 3756
746 3759
743 3777
767 3783
757 3783
786 3785
758 3789
765 3790
756 3792
768 3797
771 3798
764 3809
755 3815
760 3818
774 3823
766 3831
762 3846
781 3851
769 3854
801 3859
761 3859
780 3862
777 3864
770 3874
741 3882
789 3886
776 3886
794 3888
763 3888
778 3889
787 3891
779 3891
772 3898
792 3906
785 3910
775 3914
784 3919
799 3923
797 3930
793 3931
773 3931
802 3934
788 3935
807 3943
790 3949
791 3963
782 3964
798 3976
795 3980
796 3999
783 4010
822 4017
803 4026
805 4031
815 4048
813 4057
811 4062
814 4067
823 4070
809 4070
817 4073
810 4075
818 4085
808 4089
806 4093
816 4096
824 4101
804 4102
830 4105
821 4112
829 4116
834 4123
820 4127
800 4127
839 4131
835 4134
828 4149
849 4165
847 4171
827 4176
846 4186
837 4186
842 4190
863 4191
855 4195
854 4195
819 4200
812 4202
836 4203
831 4215
826 4222
853 4226
825 4226
866 4228
873 4230
838 4230
840 4237
832 4237
870 4238
872 4246
852 4247
833 4249
856 4251
871 4257
844 4265
864 4266
859 4277
848 4285
850 4294
860 4304
851 4305
857 4306
841 4318
845 4322
881 4334
858 4335
862 4341
878 4343
875 4343
879 4356
843 4358
877 4360
883 4361
880 4379
868 4381
876 4388
884 4395
886 4396
889 4402
874 4419
896 4420
861 4421
902 4423
892 4424
867 4428
885 4434
908 4436
899 4443
894 4443
869 4444
895 4453
893 4454
891 4454
935 4459
888 4466
865 4469
907 4470
915 4478
904 4482
921 4487
887 4488
882 4491
890 4500
900 4503
909 4511
918 4521
901 4524
925 4529
897 4530
929 4534
905 4543
911 4548
917 4551
920 4562
927 4573
913 4579
933 4582
912 4583
932 4588
916 4588
903 4591
914 4595
937 4599
928 4602
923 4604
926 4609
919 4620
941 4632
906 4634
949 4637
934 4641
930 4647
922 4647
910 4649
898 4651
931 4653
950 4657
944 4664
943 4665
956 4679
951 4689
955 4692
938 4709
957 4713
924 4718
936 4726
953 4743
963 4747
958 4750
939 4758
946 4764
945 4771
962 4786
975 4787
967 4792
961 4793
971 4797
954 4805
1004 4809
947 4810
964 4811
970 4812
980 4815
940 4817
968 4824
948 4825
965 4826
952 4826
988 4841
972 4843
993 4848
978 4848
995 4853
942 4853
960 4857
959 4860
969 4871
986 4876
976 4881
987 4888
974 4891
999 4892
982 4918
1014 4919
977 4922
1012 4928
984 4928
989 4931
990 4936
983 4937
981 4937
997 4939
1001 4950
992 4957
1009 4969
966 4969
1017 4978
985 4979
1006 4984
991 4985
973 4990
1002 5002
996 5014
998 5026
1016 5029
1011 5031
1005 5031
1051 5037
994 5037
1003 5039
1043 5045
1018 5064
1019 5065
1036 5069
1010 5085
1000 5099
1028 5100
1032 5107
1013 5115
1015 5127
1008 5128
1022 5133
1007 5137
1038 5139
979 5139
1023 5144
1025 5153
1045 5155
1024 5157
1020 5158
1026 5161
1047 5164
1031 5165
1041 5166
1040 5176
1046 5181
1068 5199
1055 5203
1029 5203
1049 5204
1021 5222
1034 5223
1039 5234
1035 5235
1075 5239
1027 5239
1066 5242
1042 5247
1069 5248
1081 5250
1037 5268
1052 5269
1053 5273
1033 5273
1050 5283
1048 5288
1059 5295
1083 5303
1058 5308
1070 5322
1064 5322
1063 5322
1062 5323
1079 5326
1085 5328
1065 5332
1030 5332
1074 5344
1073 5347
1060 5347
1061 5353
1054 5363
1044 5365
1072 5371
1086 5374
1093 5382
1077 5386
1067 5389
1091 5390
1057 5394
1056 5398
1076 5416
1098 5420
1084 5421
1089 5423
1100 5433
1101 5447
1094 5448
1080 5449
1104 5455
1082 5457
1109 5468
1092 5479
1071 5484
1134 5492
1078 5496
1087 5507
1102 5509
1112 5510
1095 5510
1096 5511
1099 5517
1115 5523
1097 5527
1114 5528
1111 5528
1162 5530
1118 5561
1113 5569
1131 5575
1121 5585
1125 5592
1167 5593
1135 5594
1150 5602
1129 5602
1119 5606
1106 5610
1090 5610
1088 5611
1132 5614
1120 5614
1103 5615
1128 5618
1110 5619
1117 5632
1105 5633
1108 5637
1126 5647
1107 5648
1122 5656
1145 5660
1116 5661
1143 5663
1144 5669
1124 5676
1139 5681
1156 5689
1133 5690
1152 5697
1123 5716
1169 5719
1127 5719
1130 5724
1147 5733
1149 5734
1138 5746
1174 5749
1141 5757
1160 5759
1148 5762
1173 5778
1140 5783
1151 5789
1155 5790
1165 5795
1136 5807
1163 5811
1153 5812
1159 5815
1142 5821
1177 5836
1178 5840
1137 5841
1176 5850
1166 5853
1161 5855
1189 5856
1181 5862
1164 5862
1200 5866
1190 5866
1196 5876
1172 5876
1171 5876
1168 5878
1154 5881
1182 5888
1179 5889
1158 5891
1203 5894
1211 5899
1185 5900
1146 5900
1180 5901
1157 5902
1193 5905
1186 5909
1192 5919
1170 5928
1184 5939
1183 5943
1198 5945
1208 5950
1175 5970
1235 5975
1191 5975
1187 5990
1188 5993
1197 5994
1219 5995
1195 5999
1207 6000
1194 6003
1204 6008
1214 6013
1205 6025
1212 6032
1216 6033
1206 6039
1210 6046
1209 6057
1225 6063
1213 6069
1228 6084
1199 6086
1233 6087
1234 6091
1237 6092
1215 6093
1202 6094
1246 6102
1201 6116
1229 6119
1231 6128
1239 6129
1232 6130
1222 6136
1223 6159
1224 6160
1217 6162
1218 6169
1252 6173
1249 6185
1245 6186
1274 6192
1226 6194
1221 6198
1220 6202
1255 6226
1275 6245
1238 6246
1244 6253
1257 6254
1242 6262
1256 6263
1266 6274
1227 6274
1236 6277
1230 6277
1251 6278
1267 6279
1243 6279
1254 6285
1273 6288
1264 6289
1247 6299
1261 6306
1276 6308
1262 6310
1288 6316
1240 6317
1268 6323
1271 6334
1260 6350
1259 6358
1241 6359
1296 6364
1310 6370
1279 6371
1306 6373
1277 6376
1263 6384
1280 6386
1253 6388
1287 6393
1265 6407
1250 6408
1248 6416
1304 6417
1272 6420
1289 6432
1269 6434
1315 6439
1300 6443
1307 6446
1283 6446
1270 6447
1293 6462
1282 6463
1320 6466
1291 6467
1278 6472
1258 6480
1305 6490
1297 6506
1326 6513
1322 6513
1301 6513
1298 6518
1290 6522
1286 6524
1308 6535
1285 6539
1284 6540
1332 6545
1318 6548
1316 6550
1294 6552
1321 6557
1313 6558
1299 6563
1281 6567
1327 6569
1341 6574
1331 6575
1292 6578
1329 6587
1319 6587
1295 6602
1302 6603
1334 6604
1371 6608
1324 6620
1314 6624
1330 6637
1309 6641
1337 6643
1347 6645
1345 6645
1364 6652
1353 6654
1312 6654
1303 6655
1339 6658
1323 6659
1377 6671
1335 6682
1317 6682
1311 6683
1336 6684
1333 6689
1343 6696
1368 6702
1361 6718
1348 6733
1359 6742
1366 6753
1362 6765
1356 6767
1372 6769
1328 6785
1344 6786
1390 6788
1325 6790
1363 6794
1346 6795
1380 6797
1342 6824
1354 6826
1379 6832
1373 6832
1392 6833
1340 6835
1351 6836
1338 6840
1395 6841
1374 6842
1349 6842
1365 6844
1357 6848
1385 6854
1384 6858
1383 6867
1370 6870
1352 6880
1387 6884
1378 6884
1360 6889
1350 6889
1426 6893
1355 6902
1388 6904
1397 6916
1393 6916
1367 6921
1382 6924
1409 6943
1403 6952
1406 6955
1375 6962
1391 6965
1420 6968
1386 6972
1410 6974
1429 6975
1396 6980
1394 6981
1407 6988
1404 6994
1376 6995
1399 6996
1358 6996
1402 7001
1389 7012
1381 7022
1411 7029
1414 7030
1369 7038
1424 7052
1398 7059
1421 7067
1415 7074
1405 7074
1430 7076
1434 7082
1447 7093
1451 7099
1422 7100
1442 7101
1468 7127
1432 7127
1423 7132
1449 7143
1400 7147
1401 7154
1441 7155
1425 7156
1419 7156
1473 7160
1427 7163
1448 7180
1439 7183
1435 7184
1418 7199
1412 7201
1438 7206
1465 7209
1436 7213
1417 7217
1452 7219
1437 7222
1457 7224
1431 7224
1443 7228
1446 7230
1454 7231
1433 7236
1445 7242
1479 7247
1416 7248
1455 7255
1413 7268
1456 7270
1428 7270
1444 7276
1458 7283
1408 7288
1464 7290
1478 7295
1495 7303
1481 7305
1460 7306
1459 7309
1474 7312
1475 7318
1487 7339
1440 7340
1450 7352
1489 7354
1470 7362
1493 7372
1466 7379
1500 7381
1494 7386
1463 7389
1462 7393
1461 7396
1477 7403
1472 7403
1469 7409
1502 7411
1507 7425
1483 7427
1453 7428
1482 7440
1485 7442
1506 7451
1488 7456
1471 7458
1486 7463
1536 7472
1492 7473
1519 7479
1491 7480
1497 7484
1513 7491
1504 7491
1490 7496
1508 7498
1498 7511
1499 7512
1523 7516
1522 7516
1518 7517
1480 7519
1525 7523
1514 7534
1467 7535
1476 7538
1529 7541
1501 7569
1496 7571
1511 7573
1517 7577
1512 7580
1505 7581
1509 7583
1552 7584
1530 7589
1516 7589
1484 7593
1532 7618
1533 7623
1537 7627
1521 7628
1561 7635
1557 7642
1535 7642
1520 7651
1528 7659
1531 7665
1524 7666
1515 7667
1576 7681
1553 7710
1550 7711
1510 7712
1570 7719
1589 7720
1559 7720
1569 7721
1543 7722
1534 7735
1556 7736
1503 7737
1539 7745
1542 7747
1527 7748
1568 7774
1554 7775
1526 7783
1538 7790
1548 7801
1549 7803
1560 7810
1609 7816
1558 7816
1546 7817
1564 7818
1585 7824
1579 7829
1555 7829
1598 7830
1565 7832
1581 7837
1540 7840
1541 7847
1571 7853
1595 7859
1545 7865
1544 7867
1578 7872
1572 7881
1601 7882
1584 7885
1566 7886
1567 7887
1573 7894
1563 7904
1577 7905
1547 7905
1616 7917
1582 7922
1590 7924
1594 7925
1574 7927
1631 7929
1575 7929
1628 7930
1586 7937
1580 7949
1593 7962
1562 7974
1591 7982
1583 7992
1602 7997
1603 8002
1643 8007
1604 8008
1606 8012
1610 8013
1551 8013
1646 8015
1614 8019
1592 8020
1636 8026
1596 8026
1597 8037
1623 8040
1639 8049
1613 8050
1617 8051
1587 8056
1588 8062
1668 8064
1612 8075
1618 8078
1653 8079
1635 8093
1658 8114
1657 8128
1624 8128
1622 8133
1629 8134
1619 8134
1621 8135
1611 8141
1638 8148
1645 8151
1655 8152
1607 8155
1608 8156
1605 8157
1599 8159
1651 8161
1600 8164
1666 8165
1649 8175
1642 8179
1627 8189
1633 8193
1637 8194
1662 8199
1615 8199
1625 8203
1681 8207
1620 8211
1640 8221
1641 8229
1659 8236
1630 8240
1663 8258
1648 8258
1688 8278
1626 8279
1647 8281
1634 8282
1650 8283
1652 8295
1632 8300
1675 8305
1664 8312
1673 8315
1695 8321
1671 8328
1660 8328
1644 8332
1676 8347
1665 8351
1697 8353
1691 8353
1669 8354
1672 8357
1656 8360
1654 8361
1696 8368
1667 8369
1716 8371
1670 8372
1687 8380
1685 8381
1682 8383
1701 8386
1692 8386
1674 8386
1680 8389
1661 8398
1690 8405
1702 8406
1679 8413
1677 8414
1686 8429
1700 8444
1708 8446
1699 8448
1693 8464
1678 8467
1683 8475
1720 8483
1684 8491
1728 8514
1710 8528
1706 8536
1726 8541
1715 8541
1736 8544
1709 8545
1714 8547
1703 8557
1762 8558
1698 8562
1719 8563
1707 8564
1739 8567
1723 8569
1704 8574
1705 8596
1758 8601
1733 8611
1735 8628
1729 8630
1730 8633
1689 8641
1740 8643
1711 8644
1694 8647
1753 8682
1718 8682
1738 8685
1712 8685
1724 8686
1717 8689
1737 8690
1774 8692
1761 8708
1746 8709
1742 8713
1731 8714
1792 8723
1769 8726
1721 8730
1732 8735
1755 8736
1760 8737
1727 8740
1775 8747
1748 8748
1713 8748
1725 8752
1770 8753
1754 8755
1773 8757
1734 8757
1767 8765
1722 8765
1759 8766
1749 8782
1745 8789
1801 8790
1744 8804
1779 8807
1787 8819
1756 8821
1752 8822
1741 8828
1807 8831
1771 8832
1795 8842
1765 8843
1757 8849
1806 8860
1772 8863
1750 8867
1785 8871
1743 8884
1804 8885
1768 8885
1798 8886
1802 8887
1784 8907
1788 8912
1751 8925
1764 8926
1786 8930
1815 8931
1778 8933
1766 8935
1783 8937
1777 8939
1747 8942
1790 8954
1763 8967
1776 8974
1781 8975
1799 8976
1782 8997
1817 9002
1831 9021
1814 9026
1803 9031
1809 9043
1796 9066
1849 9067
1793 9068
1855 9074
1791 9077
1794 9078
1813 9083
1858 9086
1823 9094
1780 9094
1825 9098
1838 9108
1836 9120
1820 9123
1805 9125
1812 9128
1797 9128
1877 9138
1826 9139
1811 9139
1824 9141
1841 9145
1818 9151
1835 9152
1842 9156
1822 9156
1800 9158
1832 9169
1840 9170
1872 9172
1828 9174
1846 9179
1810 9184
1808 9194
1816 9196
1852 9201
1819 9212
1850 9214
1821 9215
1827 9216
1834 9218
1859 9219
1843 9221
1789 9222
1885 9228
1868 9240
1867 9249
1829 9252
1860 9253
1856 9257
1830 9279
1863 9280
1837 9280
1853 9285
1851 9288
1888 9289
1848 9289
1884 9292
1862 9292
1833 9293
1876 9302
1854 9302
1880 9305
1861 9309
1875 9327
1871 9329
1845 9329
1879 9330
1847 9332
1874 9336
1899 9340
1844 9349
1893 9350
1865 9361
1907 9364
1869 9364
1905 9382
1870 9389
1839 9390
1881 9394
1873 9396
1915 9402
1917 9405
1901 9410
1857 9410
1910 9420
1890 9421
1882 9430
1866 9439
1883 9440
1924 9441
1914 9441
1929 9451
1886 9451
1900 9455
1909 9457
1889 9457
1903 9463
1864 9468
1922 9481
1894 9492
1878 9492
1930 9493
1896 9497
1898 9513
1891 9518
1906 9520
1887 9521
1911 9524
1904 9527
1895 9532
1912 9546
1913 9547
1908 9559
1923 9564
1897 9574
1892 9578
1949 9579
1902 9589
1938 9591
1932 9591
1919 9596
1927 9600
1934 9611
1951 9612
1947 9614
1943 9615
1944 9617
1920 9660
1918 9663
1931 9669
1946 9672
1936 9675
1967 9680
1937 9683
1916 9683
1994 9696
1939 9696
1945 9700
1948 9703
1958 9709
1940 9709
1942 9712
1964 9715
1941 9721
1926 9728
1957 9729
1935 9735
1954 9744
1933 9746
1921 9750
1928 9765
1959 9790
1925 9792
1961 9795
1969 9815
1950 9815
1952 9822
1987 9823
1984 9832
1972 9832
1963 9836
1956 9837
1953 9842
1966 9854
1983 9856
1970 9862
1973 9876
1960 9876
1991 9883
1965 9886
1975 9891
1982 9917
1968 9921
1996 9926
1977 9926
1990 9949
1979 9957
1993 9968
1955 9969
1978 9972
1985 9973
1988 9977
1976 9977
1962 9978
2000 9988
1986 9989
1971 9999
1981 10028
1980 10029
1974 10032
1999 10036
1992 10039
1989 10050
1995 10051
1998 10097
1997 10219
