12 1
10 1
8 1
7 1
2 1
15 2
14 2
13 2
6 2
3 2
20 3
18 3
29 4
26 4
19 4
9 4
60 5
50 5
36 5
22 5
64 6
49 6
45 6
37 6
27 6
24 6
21 6
16 6
41 7
40 7
39 7
35 7
33 7
73 8
55 8
32 8
30 8
23 8
44 9
42 9
31 9
90 10
69 10
66 10
62 10
61 10
52 10
43 10
106 11
57 11
38 11
86 12
81 12
71 12
47 12
46 12
34 12
80 13
70 13
58 13
53 13
51 13
48 13
128 14
102 14
88 14
78 14
56 14
76 15
75 15
59 15
104 16
103 16
72 16
67 16
65 16
130 17
116 17
95 17
93 17
92 17
91 17
83 17
63 17
54 17
84 18
77 18
68 18
117 19
112 19
101 19
89 19
85 19
139 20
114 20
108 20
100 20
94 20
79 20
162 21
138 21
98 21
97 21
82 21
157 22
120 22
119 22
111 22
74 22
142 23
131 23
113 23
96 23
87 23
204 24
143 24
121 24
118 24
110 24
99 24
150 25
145 25
137 25
132 26
190 27
186 27
171 27
168 27
160 27
147 27
140 27
136 27
135 27
134 27
129 27
125 27
105 27
185 28
166 28
151 28
124 28
107 28
194 29
122 29
115 29
229 30
174 30
172 30
169 30
167 30
153 30
127 30
123 30
254 31
158 31
152 31
149 31
165 32
159 32
144 32
109 32
232 33
200 33
196 33
189 33
188 33
180 33
173 33
154 33
141 33
259 34
192 34
161 34
148 34
133 34
126 34
187 35
155 35
181 36
178 36
156 36
251 37
223 37
208 37
203 37
164 37
163 37
146 37
248 38
206 38
199 38
198 38
183 38
176 38
175 38
222 39
182 39
227 40
221 40
197 40
265 41
234 41
224 41
170 41
236 42
210 42
202 42
195 42
184 42
255 43
250 43
244 43
228 43
193 43
177 43
268 44
261 44
219 44
201 44
179 44
238 45
225 45
220 45
301 46
264 46
233 46
218 46
213 46
211 46
276 47
237 47
212 47
209 47
205 47
191 47
272 48
263 48
260 48
258 48
214 48
275 49
231 49
281 50
278 50
252 50
351 51
316 52
215 52
207 52
323 53
320 53
295 53
277 53
267 53
242 53
269 54
253 54
235 54
226 54
216 54
329 55
257 55
243 55
230 55
332 56
331 56
322 56
307 56
304 56
286 56
285 56
280 56
271 56
247 56
246 56
400 57
383 57
289 57
279 57
245 57
241 57
239 57
319 58
311 58
310 58
309 58
369 59
347 59
299 59
293 59
291 59
273 59
370 60
362 60
356 60
296 60
287 60
249 60
349 61
340 61
300 61
288 61
385 62
343 62
336 62
292 62
240 62
217 62
355 63
321 63
262 63
256 63
376 64
334 64
326 64
325 64
315 64
303 64
294 64
348 65
345 65
339 65
338 65
324 65
318 65
367 66
342 66
335 66
312 66
283 66
359 67
357 67
327 67
266 67
358 68
350 68
274 68
371 69
344 69
411 70
399 70
396 70
394 70
377 70
366 70
361 70
313 70
298 70
297 70
270 70
427 71
405 71
353 71
328 71
290 71
284 71
417 72
341 72
314 72
302 72
282 72
426 73
391 73
388 73
354 73
415 74
346 74
517 75
419 75
403 75
373 75
364 75
330 75
305 75
436 76
420 76
378 76
372 76
337 76
317 76
306 76
477 77
435 77
416 77
404 77
363 77
389 78
374 78
365 78
473 79
430 79
408 79
433 80
422 80
412 80
402 80
308 80
484 81
463 81
438 81
407 81
360 81
333 81
397 82
379 82
515 83
459 83
444 83
381 83
454 84
445 84
437 84
398 84
382 84
506 85
461 85
458 85
450 85
392 85
384 85
375 85
368 85
352 85
474 86
448 86
443 86
423 86
401 86
395 86
487 87
456 87
441 87
432 87
380 87
462 88
429 88
386 88
516 89
500 89
496 89
490 89
467 89
442 89
414 89
552 90
480 90
409 90
507 91
479 91
476 91
472 91
460 91
439 91
431 91
413 91
393 91
534 92
511 92
451 92
548 93
524 93
486 93
481 93
465 93
464 93
452 93
478 94
471 94
449 94
447 94
428 94
527 95
466 95
453 95
425 95
390 95
580 96
545 96
492 96
475 96
470 96
387 96
559 97
509 97
499 97
482 97
418 97
525 98
488 98
457 98
424 98
606 99
569 99
565 99
521 99
501 99
493 99
557 100
533 100
522 100
514 100
503 100
497 100
455 100
421 100
591 101
546 101
406 101
634 102
540 102
508 102
434 102
526 103
519 103
512 103
489 103
655 104
538 104
535 104
510 104
590 105
568 105
564 105
547 105
494 105
513 106
505 106
491 106
483 106
410 106
597 107
555 107
485 107
468 107
446 107
676 108
541 108
539 108
504 108
667 109
550 109
542 109
532 109
498 109
469 109
613 110
608 110
571 110
563 110
543 110
529 110
600 111
518 111
578 112
588 113
577 113
530 113
502 113
695 114
686 114
595 114
587 114
582 114
584 115
574 115
554 115
551 115
495 115
440 115
612 116
604 116
589 116
586 116
537 116
528 116
594 117
562 117
549 117
599 118
593 118
585 118
581 118
556 118
523 118
685 119
665 119
641 119
616 119
520 119
592 120
566 120
558 120
544 120
531 120
656 121
583 121
575 121
573 121
671 122
663 122
644 122
622 122
621 122
618 122
614 122
561 122
677 123
662 123
647 123
607 123
623 124
579 124
744 125
650 125
643 125
598 125
560 125
672 126
666 126
624 126
617 126
605 126
553 126
670 127
639 127
681 128
603 128
602 128
570 128
683 129
660 129
637 129
629 129
620 129
609 129
601 129
536 129
732 130
678 130
664 130
661 130
651 130
648 130
658 131
619 131
611 131
693 132
682 132
596 132
775 133
674 133
669 133
654 133
731 134
724 134
699 134
638 134
635 134
632 134
628 134
576 134
759 135
668 135
567 135
725 136
723 136
703 136
694 136
657 136
627 136
753 137
745 137
722 137
716 137
708 137
707 137
696 137
653 137
714 138
649 138
645 138
626 138
625 138
804 139
750 139
721 139
702 139
700 139
698 139
691 139
659 139
652 139
640 139
633 139
733 140
705 140
615 140
572 140
756 142
754 142
751 142
737 142
709 142
684 142
810 143
765 143
747 143
742 143
740 143
717 143
706 143
646 143
785 144
770 144
825 145
863 146
773 146
738 146
690 146
610 146
929 147
834 147
776 147
741 147
727 147
712 147
687 147
679 147
859 148
821 148
782 148
730 148
715 148
701 148
642 148
796 149
767 149
704 149
902 150
793 150
749 150
711 150
710 150
680 150
878 151
802 151
801 151
792 151
768 151
746 151
726 151
630 151
766 152
728 152
791 153
780 153
758 153
675 153
631 153
816 154
797 154
778 154
755 154
736 154
718 154
697 154
842 155
762 155
761 155
757 155
719 155
769 156
906 157
891 157
838 157
830 157
829 157
818 157
779 157
771 157
720 157
692 157
688 157
877 158
788 158
772 158
735 158
713 158
835 159
811 159
805 159
960 160
840 160
824 160
784 160
781 160
748 160
636 160
871 161
847 161
841 161
795 161
763 161
729 162
980 163
979 163
876 163
832 163
820 163
789 163
764 163
743 163
935 164
888 164
861 164
858 164
817 164
812 164
809 164
673 164
978 165
819 165
689 165
918 166
911 166
854 166
839 166
837 166
798 166
786 166
739 166
926 167
868 167
808 167
806 167
890 168
783 168
752 168
883 169
826 169
823 169
814 169
734 169
870 170
844 170
976 171
933 171
905 171
896 171
869 171
850 171
875 172
856 172
843 172
760 172
1038 173
955 173
867 173
860 173
799 173
787 173
968 174
950 174
927 174
912 174
903 174
886 174
865 174
852 174
807 174
794 174
958 175
957 175
836 175
1039 176
921 176
908 176
900 176
855 176
815 176
956 177
916 177
879 177
846 177
831 177
827 177
959 178
948 178
885 178
872 178
851 178
777 178
942 179
790 179
881 180
828 180
774 180
1013 181
848 181
845 181
813 181
925 182
909 182
884 182
1138 183
1054 183
945 184
922 184
899 184
873 184
866 184
803 184
947 185
944 185
928 185
924 185
913 185
857 185
1020 186
974 186
941 186
938 186
893 186
862 186
1036 187
1011 187
989 187
939 187
923 187
892 187
887 187
849 187
1002 188
962 188
882 188
874 188
822 188
1071 189
1030 189
1017 189
1010 189
949 189
936 189
920 189
914 189
853 189
1132 190
1044 190
1019 190
919 190
907 190
833 190
800 190
1084 191
1079 191
1032 191
1021 191
998 191
983 191
904 191
898 191
1144 192
1092 192
1007 192
988 192
971 192
954 192
864 192
1068 193
982 193
977 193
972 193
969 193
895 193
1075 194
961 194
940 194
901 194
1033 195
1000 195
964 195
937 195
1128 196
1053 196
1050 196
1046 196
1015 196
894 196
1012 197
973 197
932 197
1041 198
1086 199
1026 199
1008 199
915 199
889 199
1073 200
997 200
987 200
967 200
1060 201
1045 201
1035 201
986 201
943 201
1089 202
1088 202
1025 202
1014 202
984 202
965 202
953 202
1111 203
1027 203
1023 203
1118 204
1061 204
1055 204
1043 204
1028 204
995 204
990 204
952 204
931 204
1121 205
1062 205
999 205
994 205
992 205
917 205
946 206
1066 207
1126 208
1085 208
1049 208
1037 208
1031 208
951 208
930 208
1056 209
1006 209
1191 210
1131 210
1102 210
1047 210
1022 210
981 210
880 210
1130 211
1106 211
1074 211
1001 211
991 211
966 211
1159 212
1156 212
1112 212
1109 212
1052 212
1077 213
1003 213
934 213
897 213
1235 214
1160 214
910 214
1097 215
1274 216
1220 216
1189 216
1139 216
1081 216
1076 216
1070 216
1009 216
1029 217
1016 217
993 217
1212 218
1095 218
1072 218
1167 219
1163 219
1153 219
1227 220
1183 220
1157 220
1058 220
1018 220
1005 220
985 220
1179 221
1125 221
1063 221
996 221
1143 222
1116 222
1114 222
1108 222
1093 222
1082 222
1078 222
1064 222
1034 222
1198 223
1196 223
1142 223
1113 223
1051 223
1225 224
1129 224
963 224
1170 225
1119 225
1096 225
1057 225
1048 225
975 225
1253 226
1211 226
1174 226
1107 226
1168 227
1136 227
1149 228
1147 228
1124 228
1024 228
1155 229
1004 229
1193 230
1177 230
1158 230
1148 230
1145 230
1140 230
1127 230
1122 230
1090 230
1067 230
1065 230
1328 231
1311 231
1154 231
1040 231
970 231
1232 232
1224 232
1216 232
1197 232
1176 232
1100 232
1069 232
1249 233
1236 233
1210 233
1190 233
1134 233
1110 233
1059 233
1231 234
1194 234
1188 234
1185 234
1165 234
1101 234
1042 234
1360 235
1228 235
1202 235
1171 235
1083 235
1256 236
1240 236
1226 236
1208 236
1150 236
1146 236
1123 236
1120 236
1115 236
1377 237
1213 237
1195 237
1162 237
1305 238
1294 238
1282 238
1252 238
1166 238
1137 238
1201 239
1199 239
1135 239
1087 239
1291 240
1250 240
1209 240
1181 240
1117 240
1218 242
1178 242
1267 243
1234 243
1205 243
1186 243
1261 244
1203 244
1182 244
1098 244
1314 245
1303 245
1272 245
1263 245
1221 245
1141 245
1308 246
1280 246
1268 246
1260 246
1239 246
1206 246
1161 246
1151 246
1352 247
1326 247
1278 247
1192 247
1103 247
1091 247
1275 248
1271 248
1257 248
1214 248
1152 248
1385 249
1298 249
1247 249
1219 249
1217 249
1184 249
1164 249
1276 250
1255 250
1175 250
1104 250
1094 250
1372 251
1310 252
1265 252
1346 253
1320 253
1299 253
1284 253
1080 253
1180 254
1169 254
1105 254
1383 255
1304 255
1376 256
1349 256
1318 256
1251 256
1368 257
1319 257
1296 257
1264 257
1241 257
1230 257
1133 257
1099 257
1454 258
1417 258
1389 258
1279 258
1270 258
1258 258
1254 258
1229 258
1204 258
1430 259
1413 259
1334 259
1325 259
1200 259
1503 260
1487 260
1405 260
1283 260
1273 260
1471 261
1292 261
1248 261
1440 262
1399 262
1345 262
1306 262
1300 262
1223 262
1187 262
1222 263
1457 264
1378 264
1476 265
1444 265
1384 265
1358 265
1338 265
1295 265
1287 265
1266 265
1246 265
1431 266
1387 266
1379 266
1355 266
1340 266
1285 266
1245 266
1416 267
1396 267
1350 267
1316 267
1297 267
1259 267
1243 267
1215 267
1483 268
1356 268
1313 268
1312 268
1207 268
1172 268
1465 269
1365 269
1315 269
1244 269
1237 269
1366 270
1353 270
1293 270
1233 270
1528 271
1394 271
1332 271
1307 271
1277 271
1173 271
1517 272
1516 272
1464 272
1415 272
1331 272
1302 272
1269 272
1551 273
1446 273
1348 273
1343 273
1327 273
1323 273
1238 273
1532 274
1408 274
1407 274
1324 274
1309 274
1301 274
1395 275
1381 275
1321 275
1489 276
1472 276
1467 276
1403 276
1370 276
1342 276
1289 276
1468 277
1434 277
1412 277
1402 277
1401 277
1382 277
1363 277
1341 277
1592 278
1531 278
1529 278
1494 278
1420 278
1333 278
1369 279
1466 280
1452 280
1429 280
1400 280
1362 280
1473 281
1410 281
1344 281
1339 281
1335 281
1290 281
1607 282
1448 282
1406 282
1397 282
1317 282
1288 282
1459 283
1456 283
1451 283
1449 283
1374 283
1371 283
1281 283
1515 284
1425 284
1398 284
1322 284
1262 284
1351 285
1330 285
1329 285
1242 285
1588 287
1453 287
1373 287
1367 287
1357 287
1475 288
1438 288
1393 288
1390 288
1520 289
1458 289
1426 289
1388 289
1361 289
1423 290
1336 290
1286 290
1593 291
1558 291
1544 291
1443 291
1414 291
1392 291
1509 292
1482 292
1463 292
1445 292
1421 292
1419 292
1347 292
1587 293
1584 293
1505 293
1450 293
1442 293
1428 293
1386 293
1606 294
1514 294
1511 294
1422 294
1354 294
1559 295
1480 295
1622 296
1540 296
1486 296
1424 296
1409 296
1545 297
1380 297
1594 298
1525 298
1524 298
1502 298
1566 299
1506 299
1493 299
1485 299
1375 299
1337 299
1589 301
1577 301
1539 301
1522 301
1512 301
1439 301
1433 301
1661 302
1599 302
1595 302
1563 302
1523 302
1513 302
1437 302
1411 302
1391 302
1778 303
1618 303
1546 303
1474 303
1470 303
1432 303
1721 304
1703 304
1560 304
1553 304
1495 304
1640 305
1582 305
1574 305
1567 305
1477 305
1714 306
1548 306
1541 306
1678 307
1578 307
1571 307
1518 307
1427 307
1768 308
1710 308
1586 308
1564 308
1535 308
1530 308
1496 308
1479 308
1359 308
1609 309
1554 309
1510 309
1708 310
1658 310
1610 310
1600 310
1591 310
1585 310
1579 310
1552 310
1527 310
1681 311
1649 311
1611 311
1575 311
1492 311
1488 311
1637 312
1364 312
1705 313
1629 313
1555 313
1461 313
1418 313
1626 314
1547 314
1538 314
1490 314
1484 314
1695 315
1604 315
1561 315
1543 315
1504 315
1497 316
1404 316
1627 317
1534 317
1519 317
1436 317
1663 318
1580 318
1507 318
1460 318
1685 319
1639 319
1621 319
1598 319
1729 320
1706 320
1613 320
1537 320
1499 320
1478 320
1741 321
1645 321
1556 321
1501 321
1498 321
1791 322
1605 322
1596 322
1536 322
1455 322
1719 323
1641 323
1638 323
1508 323
1441 323
1435 323
1692 324
1634 324
1620 324
1619 324
1562 324
1447 324
1898 325
1684 325
1570 325
1677 326
1670 326
1654 326
1644 326
1550 326
1769 327
1704 327
1668 327
1602 327
1569 327
1500 327
1836 328
1812 328
1680 328
1623 328
1573 328
1568 328
1533 328
1709 329
1676 329
1625 329
1576 329
1462 329
1727 330
1675 330
1612 330
1583 330
1521 330
1822 331
1756 331
1673 331
1557 331
1549 331
1469 331
1690 332
1656 332
1632 332
1615 332
1862 333
1849 333
1755 333
1750 333
1740 333
1683 333
1628 333
1542 333
1760 334
1665 334
1660 334
1603 334
1799 335
1779 335
1746 335
1738 335
1691 335
1657 335
1713 336
1646 336
1642 336
1630 336
1820 337
1780 337
1775 337
1698 337
1686 337
1643 337
1601 337
1597 337
1491 337
1753 338
1752 338
1672 338
1664 338
1633 338
1722 339
1689 339
1647 339
1608 339
1873 340
1809 340
1786 340
1725 340
1717 340
1651 340
1526 340
2009 341
1897 341
1694 341
1688 341
1624 341
1806 342
1742 342
1701 342
1667 342
1631 342
1821 343
1776 343
1771 343
1732 343
1693 343
1572 343
1852 344
1748 344
1739 344
1723 344
1669 344
1659 344
1655 344
1650 344
1847 345
1816 345
1784 345
1762 345
1648 345
1724 346
1707 346
1696 346
1616 346
1614 346
1766 347
1743 347
1581 347
1879 348
1811 348
1749 348
1715 348
1617 348
1590 348
1942 349
1909 349
1856 349
1782 349
1737 349
1735 349
1833 350
1795 350
1720 350
1697 350
1682 350
1653 350
1910 351
1906 351
1893 351
1835 351
1830 351
1792 351
1763 351
1800 352
1790 352
1774 352
1773 352
1711 352
1636 352
1481 352
1902 353
1877 353
1804 353
1777 353
1765 353
1731 353
1730 353
1728 353
1699 353
1908 354
1865 354
1843 354
1666 354
1652 354
1907 355
1874 355
1826 355
1818 355
1751 355
1855 356
1848 356
1761 356
1687 356
1824 357
1815 357
1757 357
2040 358
1803 358
1767 358
2148 359
2060 359
2001 359
1930 359
1828 359
1745 359
1853 360
1837 360
1825 360
1718 360
1671 360
1903 361
1896 361
1885 361
1842 361
1770 361
1733 361
1635 361
1785 362
1712 362
1674 362
2054 363
1817 363
1813 363
1808 363
1716 363
1869 364
1840 364
1679 364
1867 365
1983 366
1951 366
1924 366
1870 366
1832 366
1788 366
1702 366
1900 367
1781 367
1747 367
1926 368
1875 368
1863 368
1565 368
1985 369
1961 369
1912 369
1819 369
1980 370
1923 370
1916 370
1844 370
1758 370
1956 371
1878 371
1857 371
1854 371
1810 371
2045 372
2004 372
1920 372
1882 372
1850 372
1992 373
1925 373
1892 373
1859 373
1814 373
1802 373
1798 373
1744 373
1736 373
2016 374
2011 374
1978 374
1838 374
1662 374
1894 375
1726 375
1901 376
1890 376
2049 377
1954 377
1889 377
1868 377
1796 377
1783 377
1772 377
2055 378
2007 378
1993 378
1976 378
1929 378
1918 378
1913 378
1891 378
1858 378
2032 379
2028 379
1988 379
1936 379
1864 379
1846 379
1905 380
1871 380
1839 380
1754 380
2107 381
2033 381
2018 381
1995 381
1959 381
1938 381
1829 381
2057 382
2044 382
2031 382
1972 382
1964 382
1911 382
1886 382
2096 383
1970 383
1866 384
1794 384
1793 384
1734 384
2113 385
1999 385
1952 385
1950 385
1928 385
1915 385
1876 385
1860 385
1823 385
1797 385
1789 385
2037 386
2158 387
2117 387
1991 387
1981 387
1967 387
1939 387
1845 387
1834 387
1801 387
1759 387
1953 388
1919 388
1807 388
1805 388
1787 388
1973 389
1941 389
1904 389
1700 389
2058 390
1935 390
2094 391
2038 391
2029 391
2025 391
1971 391
1948 391
1887 391
2088 392
2050 392
2000 392
1979 392
1965 392
1895 392
1880 392
2063 393
2059 393
2021 393
1994 393
1957 393
1899 393
2082 394
2024 394
1946 394
1943 394
1914 394
1883 394
1861 394
1969 395
1944 395
2085 396
1990 396
1962 397
1934 397
2042 398
2253 400
2110 400
2105 400
2022 400
1987 400
1881 400
1831 400
2342 401
1963 401
1933 401
1931 401
1975 402
1968 402
1937 402
1884 402
2203 403
1982 403
1958 403
2154 404
2121 404
2052 404
2023 404
1764 404
2080 405
2072 405
2027 405
2026 405
1841 405
2151 406
1949 406
2240 407
2114 407
2039 407
2036 407
2005 407
1977 407
1917 407
1827 407
2161 408
2095 408
2070 408
2003 408
2002 408
1986 408
1955 408
2141 409
2132 409
2086 409
2061 409
2008 409
1966 409
2109 410
2087 410
2043 410
1932 410
1921 410
2103 411
2073 411
2030 411
1947 411
2147 412
2100 412
2076 412
2035 412
1984 412
1960 412
1927 412
2206 413
2133 413
2324 414
2319 414
2135 414
2127 414
2124 414
2012 414
2333 415
2064 415
2020 415
2014 415
2010 416
1998 416
2118 417
2083 417
2019 417
2013 417
1922 417
2220 418
2182 418
2116 418
2106 418
2006 418
2190 419
2122 419
2093 419
2015 419
2309 420
2265 420
2228 420
2089 420
2067 420
2053 420
2189 421
2180 421
2101 421
2047 421
2046 421
1989 421
1945 421
1851 421
2143 422
2062 422
2307 423
2209 423
2199 423
2197 423
2191 423
2119 423
2041 423
2214 424
2167 424
2098 424
2051 424
2150 425
2144 425
2115 425
2350 426
1888 426
2276 427
2131 427
2128 427
2104 427
2099 427
2068 427
1940 427
1872 427
2270 428
2259 428
2211 428
2140 428
2129 428
2090 428
2077 428
2335 429
2219 429
2194 429
2120 429
2084 429
2069 429
2216 430
2188 430
2074 430
2195 431
2172 431
2123 431
1997 431
1996 431
1974 431
2218 432
2177 432
2171 432
2112 432
2079 432
2264 433
2193 433
2034 433
2066 434
2383 435
2242 435
2239 435
2075 435
2283 436
2236 436
2221 436
2169 436
2157 436
2102 436
2387 437
2305 437
2178 437
2422 438
2321 438
2293 438
2263 438
2254 438
2217 438
2210 438
2160 438
2153 438
2185 439
2175 439
2138 439
2213 440
2192 440
2078 440
2339 441
2134 441
2125 441
2225 442
2152 442
2097 442
2297 443
2246 443
2295 444
2273 444
2159 444
2142 444
2065 444
2048 444
2017 444
2325 445
2280 445
2238 445
2204 445
2179 445
2168 445
2162 445
2108 445
2417 446
2278 447
2198 448
2196 448
2176 448
2156 448
2111 448
2326 449
2315 450
2301 450
2292 450
2262 450
2243 450
2226 450
2170 450
2091 450
2287 451
2241 451
2235 451
2234 451
2181 451
2139 451
2056 451
2353 452
2308 452
2222 452
2155 452
2081 452
2404 453
2330 453
2267 453
2233 453
2200 453
2137 453
2126 453
2338 454
2245 454
2145 454
2460 455
2418 455
2376 455
2368 455
2298 455
2268 455
2208 455
2260 456
2184 456
2183 456
2300 457
2164 457
2136 457
2092 457
2412 458
2375 458
2361 458
2299 458
2288 458
2277 458
2257 458
2248 458
2232 458
2215 458
2437 459
2320 459
2231 459
2227 459
2130 459
2515 460
2462 460
2431 460
2347 460
2282 460
2269 460
2212 460
2174 460
2493 461
2461 461
2389 461
2334 461
2312 461
2296 461
2166 461
2390 462
2348 462
2201 462
2356 463
2310 463
2163 463
2362 464
2304 464
2275 464
2229 464
2146 464
2428 465
2328 465
2291 465
2286 465
2149 465
2520 466
2397 466
2396 466
2384 466
2351 466
2302 466
2271 466
2249 466
2247 466
2223 466
2377 467
2343 467
2323 467
2313 467
2285 467
2255 467
2165 467
2071 467
2448 468
2385 468
2378 468
2314 468
2458 469
2329 469
2475 470
2369 470
2357 470
2250 470
2186 470
2656 471
2433 471
2365 471
2294 471
2284 471
2187 471
2537 472
2424 472
2405 472
2331 472
2303 472
2572 473
2427 473
2415 473
2371 473
2341 474
2318 474
2399 475
2256 475
2557 476
2478 476
2425 476
2394 476
2373 476
2355 476
2322 476
2311 476
2244 476
2237 476
2202 476
2531 477
2471 477
2402 477
2400 477
2336 477
2279 477
2648 478
2533 478
2452 478
2449 478
2381 478
2366 478
2411 479
2386 479
2337 479
2230 479
2173 479
2571 480
2496 480
2454 480
2432 480
2391 480
2344 480
2332 480
2266 480
2546 481
2450 481
2407 481
2406 481
2395 481
2352 481
2327 481
2205 481
2605 482
2447 482
2379 482
2258 482
2207 482
2542 483
2455 483
2316 483
2529 484
2484 484
2476 484
2398 484
2374 484
2317 484
2622 485
2549 485
2503 485
2459 485
2403 485
2261 485
2499 486
2487 486
2486 486
2443 486
2416 486
2367 486
2281 486
2274 486
2573 487
2464 487
2445 487
2551 488
2483 488
2519 489
2457 489
2409 489
2359 489
2346 489
2340 489
2518 490
2517 490
2508 490
2480 490
2467 490
2465 490
2456 490
2380 490
2224 490
2784 491
2647 491
2577 491
2566 491
2466 491
2272 491
2627 492
2574 492
2440 492
2414 492
2358 492
2588 493
2536 493
2491 493
2408 493
2363 493
2289 493
2562 494
2354 494
2430 495
2401 495
2290 495
2251 495
2583 496
2481 496
2453 496
2444 496
2426 496
2696 497
2553 497
2550 497
2548 497
2547 497
2502 497
2495 497
2446 497
2436 497
2599 498
2485 498
2252 498
2534 499
2509 499
2421 499
2679 500
2604 500
2590 500
2514 500
2726 501
2703 501
2479 501
2382 501
2364 501
2637 502
2630 502
2615 502
2576 502
2429 502
2420 502
2393 502
2688 503
2671 503
2612 503
2586 503
2552 503
2539 503
2530 503
2506 503
2470 503
2535 504
2524 504
2477 504
2423 504
2434 505
2410 505
2723 506
2715 506
2532 506
2501 506
2488 506
2442 506
2306 506
2724 507
2714 507
2706 507
2645 507
2592 507
2511 507
2482 507
2677 508
2642 508
2560 508
2634 509
2618 509
2558 509
2469 509
2451 509
2388 509
2569 510
2505 510
2500 510
2497 510
2468 510
2439 510
2629 511
2494 511
2360 511
2349 511
2585 512
2370 512
2617 513
2463 513
2745 515
2651 515
2594 515
2591 515
2565 515
2559 515
2770 516
2625 516
2624 516
2584 516
2538 516
2498 516
2489 516
2683 517
2555 517
2521 517
2666 518
2643 518
2603 518
2597 518
2522 518
2507 518
2392 518
2810 519
2725 519
2593 519
2589 519
2490 519
2649 520
2570 520
2492 520
2438 520
2752 521
2709 521
2697 521
2631 521
2523 521
2738 522
2544 522
2472 522
2690 523
2614 523
2607 523
2568 523
2372 523
2977 524
2782 524
2628 524
2626 524
2419 524
2924 525
2734 525
2705 525
2513 525
2831 526
2580 526
2516 526
2768 527
2767 527
2748 527
2687 527
2600 527
2595 527
2582 527
2543 527
2512 527
2413 527
2803 528
2667 528
2609 528
2861 529
2829 529
2789 529
2663 529
2660 529
2650 529
2527 529
2525 529
2345 529
2742 530
2698 530
2646 530
2621 530
2561 530
2798 531
2713 531
2711 531
2682 531
2907 532
2676 532
2661 532
2504 532
2441 532
2795 533
2788 533
2692 533
2658 533
2435 533
2860 534
2834 534
2763 534
2620 534
2601 534
2759 535
2751 535
2744 535
2718 535
2710 535
2638 535
2633 535
2806 536
2731 536
2712 536
2652 536
2635 536
2575 536
2545 537
2510 537
2780 538
2777 538
2702 538
2639 538
2563 538
2911 539
2769 539
2760 539
2733 539
2665 539
2644 539
2581 539
2526 539
2474 539
2817 540
2797 540
2776 540
2722 540
2632 540
2704 541
2640 541
2602 541
2596 541
2587 541
2564 541
2800 542
2779 542
2762 542
2691 542
2579 542
2895 543
2771 543
2669 543
2758 544
2673 544
2610 544
2473 544
2856 545
2846 545
2720 545
2685 545
2567 545
2541 545
2641 546
2813 547
2735 547
2616 547
2556 547
2929 548
2925 548
2839 548
2737 548
2675 548
2761 549
2756 549
2749 549
2736 549
2701 549
2686 549
2668 549
2842 550
2655 550
2858 551
2848 551
2816 551
2729 551
2681 551
2808 552
2785 552
2730 552
2657 552
2918 553
2893 553
2805 553
2695 553
2606 553
2931 554
2707 554
2623 554
3042 555
2997 555
2958 555
2680 555
3016 556
2727 556
2664 556
2987 557
2900 557
2719 557
2684 557
2653 557
2540 557
2995 558
2862 558
2801 558
2775 558
2672 558
2662 558
2611 558
2972 559
2881 559
2764 559
2741 559
2700 559
2699 559
2935 560
2886 560
2826 560
2790 560
2786 560
2743 560
2889 561
2746 561
2578 561
2912 562
2904 562
2766 562
2740 562
2728 562
2670 562
3031 563
2875 563
2864 563
2840 563
2835 563
2753 563
2750 563
2717 563
2693 563
2921 564
2870 564
2792 564
2708 564
2689 564
2926 565
2812 565
2598 565
3080 566
3062 566
3012 566
2851 566
2754 566
2747 566
2823 567
2619 567
2613 567
2841 568
2818 568
2778 568
2765 568
2608 568
2528 568
2954 569
2952 569
2905 569
2878 569
2863 569
2783 569
2636 569
2866 570
2755 570
2654 570
3079 571
2985 571
2913 571
2909 571
2739 571
2694 571
3119 572
3099 572
3003 572
2867 572
2773 572
2772 572
2930 573
2825 573
2822 573
2804 573
2872 574
2832 574
2827 574
2794 574
2554 574
2938 575
2845 575
2809 575
2659 575
2966 576
2873 576
2852 576
2732 576
3014 577
2898 577
2830 577
2815 577
2721 577
2674 577
3047 578
2945 578
2894 578
2868 578
2836 578
2820 578
3167 579
3154 579
3140 579
3039 580
2837 580
2811 580
2807 580
3019 581
2983 581
2980 581
2915 581
2914 581
2901 581
2968 582
2964 582
2888 582
2781 582
2716 582
3136 583
3040 583
2917 583
2899 583
2891 583
2678 583
2955 584
3035 585
2796 585
2774 585
3073 586
3010 586
2975 586
2877 586
2857 586
2847 586
3011 587
2989 587
2982 587
2969 587
2967 587
2908 587
2879 587
2871 587
3033 588
3005 588
2981 588
2962 588
2922 588
2897 588
3165 589
2986 589
2984 589
2974 589
2892 589
2883 589
2819 589
3351 590
2996 590
2961 590
2959 590
2949 590
2916 590
3087 591
2976 591
2890 591
2838 591
3184 592
3101 592
3046 592
2948 592
2941 592
2824 592
2793 592
3207 593
2940 593
2927 593
2920 593
2903 593
2869 593
2787 593
3214 594
3029 594
2932 594
2902 594
2859 594
2979 595
2855 595
2799 595
3155 596
3110 596
3082 596
3060 596
3049 596
2991 596
2849 596
2843 596
2821 596
2791 596
3063 597
3000 597
2884 597
2844 597
2910 598
2833 598
3281 599
3230 599
3210 599
3051 599
2957 599
2876 599
2757 599
3180 600
3176 600
2973 600
2937 600
2880 600
3260 601
3225 601
3097 601
3086 601
3069 601
2993 601
3168 602
2944 602
3072 603
3045 603
2865 603
2963 604
2942 604
2850 604
3032 605
2951 605
2934 605
3117 606
3050 606
3041 606
3034 606
3224 607
3148 607
2998 607
2923 607
2874 607
3183 608
3022 608
3006 608
2994 608
3242 609
2990 609
3213 610
3175 610
3091 610
3024 610
2919 610
2896 610
2854 610
3255 611
3066 611
2970 611
2802 611
3077 612
3070 612
3059 612
3052 612
3008 612
2950 612
3177 613
3083 613
3076 613
3037 613
2999 613
2953 613
3229 614
2943 614
2928 614
3233 615
3149 615
3074 615
3064 615
2882 615
3266 616
3249 616
3187 616
3170 616
3129 616
3123 616
3107 616
3075 616
2885 616
3212 617
3202 617
3157 617
3128 617
3044 617
2965 617
2906 617
3143 618
2947 618
3319 619
3248 619
3055 619
3018 619
3015 619
3013 619
3269 620
3186 620
2960 620
3306 621
3093 621
3081 621
3057 621
3007 621
3334 622
3257 622
3244 622
3115 622
3113 622
3095 622
3054 622
3009 622
2946 622
2853 622
3173 623
3030 623
3027 623
3025 623
3023 623
3002 623
2988 623
2814 623
3216 624
3189 624
3133 624
2956 624
2887 624
3122 625
3089 625
3065 625
3172 626
3142 626
3111 626
3061 626
2939 626
3105 627
3001 627
2978 627
3289 628
3127 628
3096 628
2828 628
3137 629
3108 629
3092 629
3053 629
3330 630
3134 630
3235 631
3223 631
3188 631
3166 631
3156 631
3141 631
3120 631
3088 631
3071 631
3058 631
2971 631
3265 632
3193 632
3185 632
3380 633
3256 633
3182 633
3179 633
3161 633
3112 633
3004 633
3275 634
3272 634
3208 634
3021 634
3323 635
3218 635
2936 635
3418 636
3313 636
3279 636
3211 636
3203 636
3197 636
3204 637
3178 637
3174 637
3109 637
3026 637
2933 637
3393 638
3335 638
3425 639
3243 639
3163 639
3365 640
3103 640
3048 640
3548 641
3326 641
3296 641
3164 641
3130 641
3038 641
3028 641
3428 642
3328 642
3194 642
3160 642
3138 642
3114 642
3320 643
3311 643
3278 643
3232 643
3227 643
3131 643
3126 643
3116 643
3412 644
3150 644
3139 644
3132 644
3017 644
3497 645
3438 645
3356 645
3292 645
3104 645
3084 645
3078 645
3020 645
3344 646
3273 646
3237 646
3217 646
3151 646
3036 647
3364 648
3310 648
3298 648
3261 648
3238 648
3215 648
3338 649
3124 649
3106 649
3067 649
3353 650
3288 650
3171 650
3152 650
3090 650
3373 651
3219 651
3162 651
3473 652
3315 652
3314 652
3276 652
3252 652
3231 652
3153 652
2992 652
3251 653
3239 653
3192 653
3159 653
3501 654
3456 654
3241 654
3222 654
3169 654
3098 654
3085 654
3408 655
3324 655
3246 655
3147 655
3542 656
3361 656
3350 656
3264 656
3234 656
3201 656
3125 656
3530 657
3433 657
3355 657
3263 657
3253 657
3043 657
3502 658
3460 658
3325 658
3191 658
3506 659
3346 659
3282 659
3135 659
3392 660
3294 660
3283 660
3277 660
3221 660
3145 660
3560 661
3441 661
3405 661
3388 661
3196 661
3190 661
3482 662
3401 662
3390 662
3354 662
3340 662
3286 662
3209 662
3195 662
3158 662
3532 663
3466 663
3389 663
3367 663
3303 663
3293 663
3068 663
3462 664
3434 664
3417 664
3413 664
3406 664
3403 664
3400 664
3377 664
3336 664
3290 664
3280 664
3254 664
3236 664
3419 665
3345 665
3228 665
3662 666
3448 666
3331 666
3271 667
3262 667
3118 667
3503 668
3489 668
3337 668
3312 668
3240 668
3094 668
3563 669
3543 669
3397 669
3384 669
3348 669
3259 669
3102 669
3778 670
3507 670
3305 670
3299 670
3284 670
3267 670
3206 670
3347 671
3200 671
3144 671
3121 671
3402 672
3358 672
3318 672
3226 672
3610 673
3536 673
3474 673
3424 673
3407 673
3332 673
3270 673
3505 674
3383 674
3317 674
3308 674
3205 674
3522 675
3333 675
3585 676
3382 676
3363 676
3357 676
3198 676
3146 676
3461 677
3427 677
3399 677
3362 677
3525 678
3300 678
3220 678
3475 679
3396 679
3100 679
3605 680
3515 680
3487 680
3398 680
3379 680
3181 680
3572 681
3470 681
3386 681
3321 681
3245 681
3199 681
3526 682
3519 682
3483 682
3420 682
3307 682
3250 682
3534 683
3464 683
3414 683
3369 683
3301 683
3295 683
3613 684
3430 684
3342 684
3512 685
3472 685
3436 685
3409 685
3360 685
3329 685
3285 685
3274 685
3268 685
3517 686
3481 686
3449 686
3431 686
3607 687
3558 687
3485 687
3453 687
3426 687
3416 687
3567 688
3551 688
3443 688
3359 688
3579 689
3559 689
3491 689
3486 689
3465 689
3376 689
3339 689
3056 689
3692 690
3545 690
3468 690
3327 690
3258 690
3728 691
3291 691
3591 692
3577 692
3374 692
3371 692
3302 692
3287 692
3685 693
3557 693
3553 693
3510 693
3499 693
3480 693
3394 693
3341 693
3584 694
3391 694
3368 694
3547 695
3509 695
3411 695
3404 695
3644 696
3592 696
3725 697
3647 697
3524 697
3493 697
3490 697
3423 697
3415 697
3387 697
3604 698
3452 698
3615 699
3479 699
3764 700
3669 700
3593 700
3581 700
3520 700
3410 700
3247 700
3596 701
3569 701
3446 701
3439 701
3437 701
3735 702
3734 702
3556 702
3521 702
3478 702
3442 702
3309 702
3606 703
3541 703
3518 703
3516 703
3841 704
3679 704
3651 704
3447 704
3576 705
3471 705
3458 705
3429 705
3385 705
3372 705
3753 706
3612 706
3450 706
3322 706
3736 707
3587 707
3564 707
3495 707
3370 707
3733 708
3666 708
3375 708
3304 708
3624 709
3544 709
3514 709
3513 709
3352 709
3595 710
3594 710
3454 710
3343 710
3693 711
3656 711
3649 711
3631 711
3619 711
3511 711
3641 712
3568 712
3316 712
3652 713
3484 713
3477 713
3687 714
3574 714
3565 714
3549 714
3366 714
3297 714
3658 715
3599 715
3523 715
3488 715
3381 715
3682 716
3550 716
3539 716
3848 717
3821 717
3737 717
3637 717
3504 717
3646 718
3628 718
3476 718
3463 718
3422 718
3349 718
3836 719
3827 719
3643 719
3618 719
3672 720
3378 720
3810 721
3739 721
3689 721
3546 721
3529 721
3866 722
3445 722
3784 723
3683 723
3578 723
3459 723
3758 724
3636 724
3570 724
3561 724
3552 724
3444 724
3781 725
3620 725
3608 725
3537 725
3712 726
3528 726
3711 727
3660 727
3640 727
3554 727
3500 727
3469 727
3455 727
3421 727
3888 728
3659 728
3645 728
3627 728
3535 728
3814 729
3756 729
3740 729
3621 729
3616 729
3602 729
3562 729
3440 729
3731 730
3696 730
3680 730
3634 730
3600 730
3588 730
3457 730
3807 731
3780 731
3688 731
3611 731
3597 731
3798 732
3653 732
3898 733
3655 733
3586 733
3582 733
3964 734
3785 734
3714 734
3598 734
3395 734
3930 735
3899 735
3812 735
3706 735
3671 735
3635 735
3811 736
3694 736
3583 736
3531 736
3451 736
3895 737
3787 737
3742 737
3633 738
3926 739
3617 739
3590 739
3766 740
3707 740
3700 740
3580 740
3508 740
3492 740
3917 741
3845 741
3839 741
3684 741
3838 742
3705 742
3677 742
3639 742
3626 742
3601 742
3573 742
3527 742
3432 742
3936 743
3876 743
3855 743
3729 743
3720 743
3654 743
3650 743
3609 743
3566 743
4146 744
4105 744
3905 744
3809 744
3799 744
3790 744
3713 744
3675 744
3540 744
3691 745
3657 745
3614 745
3982 746
3973 746
3892 746
3850 746
3625 746
3496 746
3467 746
3914 747
3751 747
3724 747
3555 747
3916 748
3851 748
3797 748
3759 748
3752 748
3695 748
3494 748
3709 749
3661 749
3589 749
3992 750
3951 750
3665 750
3862 751
3803 751
3777 751
3754 751
3719 751
3674 751
3961 752
3804 752
3699 752
4027 753
3802 753
3747 753
3690 753
4096 754
3718 754
3668 754
3435 754
3670 755
3963 756
3879 756
3872 756
3813 756
3796 756
3746 756
3703 756
3835 757
3817 757
3757 757
3678 757
3867 758
3864 758
3825 758
3763 758
3498 758
3989 759
3932 759
3904 759
3889 759
3765 759
3663 759
3648 759
3923 760
3837 760
3833 760
3638 760
3978 761
3870 761
3842 761
3824 761
3775 761
3676 761
3667 761
3623 761
4029 762
3952 762
3776 762
3770 762
3642 762
3939 763
3919 763
3632 763
3603 763
3933 764
3854 764
3774 764
3768 764
3767 764
3715 764
4020 765
4015 765
3988 765
3977 765
3894 765
3873 765
3859 765
3769 765
3743 765
3723 765
3716 765
3863 766
3801 766
3673 766
3664 766
3622 766
3538 766
4016 767
4011 767
3987 767
3886 767
3818 767
3788 767
3727 767
3704 767
3571 767
4156 768
3834 768
3828 768
3755 768
3702 768
4035 769
3909 769
3722 769
3533 769
4040 770
3994 770
3943 770
3896 770
3789 770
3771 770
4085 771
3901 771
3819 771
3779 771
3708 771
4023 772
3741 772
3721 772
3852 773
4070 774
4039 774
3749 774
3745 774
3744 774
3629 774
4184 775
4032 775
3938 775
3935 775
3794 775
3762 775
3698 775
4071 776
3934 776
3686 776
3986 777
3773 777
3997 778
3701 778
4174 779
3995 779
3887 779
3868 779
3847 779
3832 779
3823 779
3748 779
3877 780
3808 780
3710 780
4131 781
3956 781
3900 781
3891 781
3882 781
3880 781
3860 781
3760 781
3717 781
3875 782
3856 782
3844 782
3830 782
4036 783
3999 783
3903 783
3843 783
3792 783
3782 783
3738 783
3732 783
4289 784
4141 784
3924 784
3878 784
3840 784
3822 784
3820 784
3907 785
3858 785
3575 785
3958 786
3918 786
3826 786
4088 787
4043 787
4019 787
3996 787
3969 787
3945 787
3921 787
4168 788
4075 788
3793 788
4221 789
3846 789
4142 790
4049 790
4048 790
3966 790
3962 790
3806 790
3800 790
4190 791
4064 791
3857 791
3849 791
4194 792
4152 792
4017 792
3761 792
4111 793
4066 793
4061 793
3885 793
3772 793
4126 794
4103 794
4099 794
4089 794
3929 794
3865 794
3853 794
3815 794
3786 794
4117 795
3922 795
3726 795
4272 796
4240 796
4204 796
4005 796
4003 796
3937 796
4097 797
4000 797
3920 797
3893 797
3981 798
3970 798
3965 798
3947 798
3890 798
3805 798
4233 799
4216 799
4145 799
4013 799
3897 799
3881 799
3829 799
4297 800
3946 800
3884 800
3750 800
4110 801
4056 801
3976 801
3874 801
3861 801
4104 802
4080 802
4051 802
3902 802
3831 802
4014 803
4010 803
3816 803
4227 804
4001 804
3910 804
4004 805
3983 805
3908 805
3791 805
3697 805
3630 805
4287 806
4166 806
4059 806
3912 806
4045 807
3957 807
3953 807
3928 807
3911 807
3783 807
4144 808
4116 808
3950 808
4188 809
4084 809
4018 809
3959 809
3949 809
3948 809
4181 810
4147 810
4132 810
4124 810
4098 810
4060 810
4042 810
3944 810
3795 810
4143 811
4050 811
4007 811
3998 811
3979 811
3681 811
4202 812
4107 812
4006 812
3968 812
4280 813
4179 813
4133 813
4074 813
3990 813
4234 814
4101 814
4218 815
4052 815
4030 815
3984 815
3883 815
4309 816
4298 816
4279 816
4150 816
4022 816
3927 816
4185 817
4161 817
4137 817
4114 817
4072 817
4047 817
4033 817
3940 817
4213 818
4172 818
4122 818
4054 818
3906 818
4197 819
4127 819
4009 819
3972 819
3942 819
3871 819
3730 819
4299 820
4203 820
4180 820
4165 820
4135 820
3954 820
4212 821
4065 821
3993 821
3925 821
4495 822
4167 822
4078 822
4057 822
4400 823
4208 823
4038 823
4362 824
4140 824
4119 824
4082 824
4024 824
4123 825
3971 825
3931 825
4125 826
3915 826
4334 827
4235 827
4342 828
4308 828
4283 828
4191 828
4113 828
4106 828
4091 828
4068 828
4067 828
4002 828
4303 829
4121 829
4102 829
4377 830
4366 830
4239 830
4193 830
4037 830
3975 830
3913 830
4206 831
4158 831
4062 831
4046 831
4034 831
4021 831
4388 832
4247 832
4053 832
4257 833
4201 833
4160 833
4108 833
4073 833
4457 834
4369 834
4162 834
4031 834
4250 835
4210 835
4093 835
4092 835
4242 836
4120 836
4118 836
4293 837
4276 837
4267 837
4076 837
4012 837
3991 837
3985 837
4406 838
4311 838
4273 838
4259 838
4129 838
4090 838
4026 838
3941 838
4328 839
4301 839
4196 839
4192 839
4095 839
4390 840
4268 840
4217 840
4177 840
4364 841
4350 842
4329 842
4296 842
4292 842
4269 842
3869 842
4396 843
4195 843
4169 843
3967 843
4291 844
4187 844
4170 844
4153 844
4115 844
4094 844
4453 845
4338 845
4251 845
4128 845
4077 845
4435 846
4307 846
4182 846
4081 846
4444 847
4392 847
4333 847
4290 847
4173 847
4008 847
3960 847
4481 848
4432 848
4397 848
4345 848
4205 848
4200 848
4148 848
4134 848
4058 848
4502 849
4418 849
4367 849
4265 849
4256 849
4238 849
4228 849
4178 849
4136 849
4086 849
4359 850
4244 850
4375 851
4344 851
4241 851
4176 851
4154 851
4069 851
4394 852
4312 852
4305 852
4264 852
4437 853
4332 853
4254 853
4139 853
4112 853
4442 854
4249 854
4521 855
4461 855
4378 855
4252 855
4231 855
4230 855
4157 855
4079 855
4562 856
4452 856
4399 856
4306 856
4164 856
4159 856
4491 857
4243 857
4237 857
4198 857
4109 857
4025 857
4462 858
4411 858
4286 858
4226 858
4223 858
4214 858
4083 858
4569 859
4482 859
4474 859
4455 859
4423 859
4326 859
4278 859
4649 860
4546 860
3955 860
4408 861
4355 861
4353 861
4336 861
4087 861
4415 862
4349 862
4314 862
4270 862
4219 862
4044 862
4547 863
4483 863
4456 863
4416 863
4398 863
4354 863
4352 863
4253 863
4436 864
4431 864
4321 864
4302 864
4041 864
4028 864
4313 865
4294 865
4209 865
4175 865
4225 866
4183 866
4633 867
4373 867
4370 867
4255 867
4211 867
4207 867
4171 867
3974 867
4537 868
4489 868
4478 868
4472 868
4275 868
4271 868
3980 868
4450 869
4410 869
4386 869
4317 869
4199 869
4149 869
4130 869
4538 870
4451 870
4412 870
4304 870
4285 870
4262 870
4189 870
4449 871
4414 871
4385 871
4380 871
4356 871
4324 871
4511 872
4383 872
4318 872
4260 872
4246 872
4232 872
4624 873
4288 873
4229 873
4568 874
4476 874
4419 874
4540 875
4505 875
4429 875
4316 875
4661 876
4623 876
4487 876
4417 876
4405 876
4606 877
4571 877
4561 877
4500 877
4475 877
4473 877
4460 877
4446 877
4376 877
4348 877
4258 877
4055 877
4463 878
4186 878
4704 879
4514 879
4420 879
4261 879
4138 879
4155 880
4504 881
4480 881
4439 881
4236 881
4215 881
4100 881
4922 882
4401 882
4374 882
4320 882
4384 883
4603 884
4601 884
4591 884
4549 884
4407 884
4310 884
4598 885
4576 885
4557 885
4539 885
4479 885
4443 885
4382 885
4536 886
4520 886
4438 886
4330 886
4300 886
4263 886
4588 887
4543 887
4497 887
4440 887
4428 887
4422 887
4371 887
4361 887
4335 887
4277 887
4266 887
4658 888
4519 888
4425 888
4625 889
4565 889
4501 889
4357 889
4662 890
4484 890
4341 890
4151 890
4498 891
4671 892
4486 892
4485 892
4458 892
4454 892
4379 892
4644 893
4572 893
4516 893
4395 893
4282 893
4533 894
4509 894
4433 894
4424 894
4368 894
4632 895
4351 895
4322 895
4163 895
4063 895
4907 896
4563 896
4467 896
4224 896
4559 897
4534 897
4281 897
4220 897
4690 898
4639 898
4531 898
4530 898
4325 898
4245 898
4666 899
4577 899
4343 899
4315 899
4535 900
4526 900
4517 900
4358 900
4346 900
4337 900
4323 900
4735 901
4551 901
4545 901
4532 901
4409 901
4595 902
4757 904
4743 904
4732 904
4697 904
4413 904
4393 904
4387 904
4347 904
4586 905
4554 905
4513 905
4488 905
4477 905
4638 906
4620 906
4618 906
4600 906
4555 906
4284 906
4810 907
4459 907
4340 907
4826 908
4602 908
4441 908
4404 908
4372 908
4698 909
4643 909
4421 909
4402 909
4365 909
4331 909
4774 910
4694 910
4582 910
4492 910
4466 910
4339 910
4870 911
4770 911
4762 911
4507 911
4503 911
4471 911
4622 912
4550 912
4448 912
4447 912
4391 912
4677 913
4585 913
4548 913
4445 913
4882 914
4763 914
4222 914
4717 915
4574 915
4573 915
4541 915
4528 915
4274 915
4899 916
4822 916
4731 916
4725 916
4708 916
4681 916
4764 917
4659 917
4630 917
4613 917
4389 917
4719 918
4693 918
4607 918
4527 918
4468 918
4427 918
4508 919
4430 919
4645 920
4327 920
4888 921
4657 921
4512 921
4915 922
4910 922
4711 922
4683 922
4664 922
4637 922
4617 922
4836 923
4767 923
4705 923
4523 923
4363 923
4319 923
4753 924
4680 924
4584 924
4522 924
4403 924
4841 925
4806 925
4799 925
4754 925
4524 925
4515 925
4867 926
4685 926
4648 926
4627 926
4570 926
4525 926
4499 926
4434 926
4942 927
4752 927
4741 927
4684 927
4652 927
4730 928
4729 928
4668 928
4641 928
4634 928
4597 928
4381 928
4579 929
4494 929
4862 930
4593 930
4580 930
4360 930
4887 931
4702 931
4493 931
5030 932
4837 932
4783 932
4667 932
4599 932
4510 932
4506 932
4819 933
4815 933
4700 933
4927 934
4871 934
4751 934
4615 934
4594 934
4564 934
4426 934
4786 935
4721 935
4706 935
4636 935
4626 935
4619 935
4608 935
4596 935
4760 936
4583 936
4578 936
4465 936
4747 937
4696 937
4688 937
4829 938
4695 938
4529 938
4943 939
4881 939
4795 939
4689 939
4669 939
4972 940
4745 940
4737 940
4733 940
4715 940
4650 940
4542 940
4818 941
4679 941
4567 941
4248 941
4983 942
4879 942
4782 942
4739 942
4701 942
4295 942
4859 943
4616 943
5033 944
4964 944
4849 944
4779 944
4703 944
4682 944
4678 944
4655 944
4653 944
4642 944
4556 944
4553 944
4663 945
4647 945
4646 945
4610 945
4590 945
4469 945
5052 946
4765 946
4464 946
4933 947
4789 947
4722 947
4676 947
4996 948
4687 949
4672 949
4665 949
4660 949
4581 949
4675 950
4575 950
4544 950
4926 951
4755 951
4750 951
4740 951
4631 951
4490 951
4709 952
4966 953
4916 953
4798 953
4775 953
4640 953
4604 953
4716 954
4846 955
4802 955
4794 955
4758 955
4736 955
4728 955
4686 955
5201 956
4790 956
4621 956
5050 957
5019 957
4901 957
4820 957
4748 957
4629 957
5007 958
4959 958
4897 958
4858 958
4835 958
4813 958
4742 958
4560 958
4885 959
4718 959
4611 959
4938 960
4838 960
4787 960
4589 960
4948 961
4911 961
4791 961
4692 961
4651 961
4496 961
5011 962
4712 962
4612 962
4566 962
4552 962
4868 963
4821 963
4759 963
4673 963
4877 964
4713 964
4587 964
4518 964
5041 965
4880 965
4831 965
4780 965
4776 965
4656 965
4654 965
4470 965
4902 966
4792 966
5072 967
4827 967
4824 967
4785 967
4674 967
4614 967
4609 967
4970 968
4670 968
4605 968
5168 969
4856 969
4808 969
4761 969
4710 969
5073 970
4968 970
4921 970
4720 970
5012 972
5008 972
4975 972
4832 972
4830 972
4804 972
4801 972
4800 972
4784 972
5001 974
4991 974
4803 974
5021 975
4931 975
4890 975
4778 975
4734 975
4726 975
4992 976
4828 976
4805 976
4746 976
4699 976
5131 977
5122 977
4816 977
4793 977
4727 977
4903 978
4878 978
4777 978
5143 979
5022 979
4947 979
4939 979
4923 979
4840 979
4807 979
4773 979
4635 979
4592 979
5221 980
4998 980
4904 980
4851 980
4768 980
4766 980
5002 981
4930 981
4866 981
4558 981
5035 982
4982 982
4876 982
4875 982
4854 982
5196 983
4919 983
4918 983
4817 983
4724 983
5048 984
4934 984
4900 984
4894 984
4884 984
4723 984
4987 985
4844 985
5372 986
5051 986
5006 986
4936 986
5134 987
4913 987
4872 987
4771 987
4906 988
4825 988
5101 989
4932 989
4874 989
5126 990
4950 990
4920 990
4912 990
5024 991
4986 991
4883 991
4756 991
5202 992
5074 992
5045 992
4960 992
4944 992
4847 992
5174 993
5049 993
5000 993
4990 993
4981 993
4905 993
4823 993
4812 993
4628 993
5084 994
5068 994
5047 994
4979 995
4961 995
5226 996
4997 996
4977 996
4945 996
4845 996
4749 996
5215 997
5182 997
5071 997
5005 997
5003 997
4924 997
4893 997
4917 998
4865 998
4707 998
5375 999
5285 999
5195 999
5016 999
4855 999
5278 1000
5244 1000
5040 1000
4994 1000
5437 1001
5106 1001
5104 1001
5031 1001
4989 1001
4898 1001
5066 1002
4971 1002
4946 1002
4769 1002
4691 1002
5504 1003
5200 1003
5120 1003
5037 1003
5023 1003
4928 1003
4896 1003
5230 1004
5169 1004
4999 1004
4809 1004
5212 1005
5110 1005
5108 1005
4955 1005
4952 1005
4949 1005
4937 1005
4925 1005
4843 1005
5046 1006
4957 1006
4850 1006
4814 1006
4788 1006
4744 1006
5082 1007
5017 1007
5015 1007
4969 1007
4908 1007
4834 1007
5059 1008
4863 1008
4852 1008
4797 1008
5322 1009
5171 1009
5163 1009
5089 1009
5009 1009
5464 1010
5147 1010
5091 1010
5087 1010
5062 1010
5025 1010
4985 1010
4929 1010
4869 1010
5258 1011
5245 1011
5055 1011
4954 1011
5250 1012
5150 1012
5053 1012
5013 1012
4995 1012
4914 1012
4889 1012
4842 1012
5345 1013
5184 1013
4853 1013
4738 1013
5170 1014
5157 1014
5061 1014
4833 1014
5443 1015
5439 1015
5242 1015
5214 1015
5138 1015
5117 1015
5077 1015
5076 1015
5075 1015
4980 1015
4886 1015
4848 1015
4781 1015
5036 1016
5028 1016
5333 1017
5014 1017
5369 1018
5352 1018
5145 1018
5128 1018
5114 1018
4857 1018
5553 1019
5251 1019
5070 1019
4940 1019
4892 1019
5292 1020
5121 1020
4953 1020
4909 1020
4895 1020
4839 1020
5269 1021
5154 1021
5146 1021
5097 1021
5039 1021
5498 1022
5433 1023
5392 1023
5118 1023
5105 1023
5044 1023
5038 1023
5136 1024
5119 1024
5112 1024
5092 1024
5378 1025
5222 1025
5173 1025
4962 1025
4811 1025
4772 1025
4714 1025
5479 1026
5306 1026
5164 1026
5152 1026
5149 1026
5099 1026
5018 1026
4951 1026
4860 1026
4796 1026
5067 1027
4993 1027
5153 1028
5141 1028
5137 1028
5043 1028
5010 1028
4974 1028
4967 1028
5199 1029
5054 1029
4958 1029
5381 1030
5236 1030
5218 1030
5058 1030
5556 1031
5340 1031
5319 1031
5248 1031
5069 1031
5020 1031
5312 1032
5233 1032
5229 1032
5123 1032
5093 1032
4935 1032
5246 1033
5237 1033
5234 1033
5231 1033
5223 1033
5220 1033
5175 1033
5132 1033
4976 1033
5305 1034
5187 1034
5162 1034
5090 1034
5065 1034
5329 1035
5284 1035
5155 1035
5078 1035
5060 1035
5311 1036
5178 1036
5140 1036
5081 1036
5102 1037
5056 1037
4984 1037
5442 1038
5354 1038
5338 1038
5276 1038
5224 1038
5208 1038
5063 1038
5042 1038
5026 1038
4861 1039
5467 1040
5383 1040
5327 1040
5107 1040
5080 1040
5079 1040
5085 1041
4864 1041
5192 1042
5139 1042
5130 1042
4973 1042
4891 1042
5334 1043
5326 1043
5465 1044
5459 1044
5450 1044
5328 1044
5115 1044
5029 1044
4956 1044
5337 1045
5083 1045
5336 1046
5240 1046
5189 1046
5156 1046
5004 1046
4965 1046
5396 1047
5183 1047
5109 1047
4963 1047
5376 1048
5365 1048
5243 1048
5239 1048
5198 1048
5405 1049
5400 1049
5262 1049
5256 1049
5217 1049
5166 1049
4988 1049
5601 1050
5179 1050
5161 1050
5103 1050
5531 1051
5474 1051
5032 1051
4941 1051
5348 1052
5341 1052
5290 1052
5272 1052
5267 1052
5190 1052
5185 1052
5124 1052
5503 1053
5429 1053
5385 1053
5274 1053
5386 1054
5379 1054
5346 1054
5238 1054
5111 1054
5444 1055
5388 1055
5371 1055
5310 1055
5255 1055
5205 1055
5468 1056
5064 1056
5476 1057
5472 1057
5399 1057
5313 1057
5241 1057
5227 1057
5216 1057
5382 1058
5309 1058
5308 1058
5273 1058
5247 1058
5125 1058
5096 1058
5517 1059
5257 1059
5167 1059
5519 1060
5316 1060
5289 1060
5288 1060
5283 1060
5181 1060
5176 1060
5151 1060
4978 1060
5605 1061
5540 1061
5291 1061
5210 1061
5088 1061
5623 1062
5401 1062
5315 1062
5304 1062
5296 1062
5213 1062
5172 1062
5158 1062
5795 1063
5368 1063
5323 1063
5293 1063
5270 1063
5165 1063
5133 1063
5116 1063
5509 1064
5435 1064
5324 1064
5098 1064
5027 1064
5482 1065
5148 1065
5094 1065
5582 1066
5478 1066
5412 1066
5207 1066
5547 1067
5358 1067
5228 1067
5086 1067
5624 1068
5583 1068
5203 1068
5191 1068
5188 1068
4873 1068
5526 1069
5516 1069
5394 1069
5359 1069
5277 1069
5232 1069
5225 1069
5397 1070
5347 1070
5294 1070
5279 1070
5095 1070
5642 1071
5555 1071
5543 1071
5477 1071
5404 1071
5194 1071
5408 1072
5343 1072
5533 1073
5445 1073
5298 1073
5446 1074
5411 1074
5355 1074
5129 1074
5568 1075
5441 1075
5409 1075
5211 1075
5160 1075
5627 1076
5521 1076
5494 1076
5489 1076
5431 1076
5391 1076
5344 1076
5332 1076
5197 1076
5186 1076
5180 1076
5177 1076
5142 1076
5753 1077
5430 1077
5321 1077
5299 1077
5209 1077
5683 1078
5632 1078
5455 1078
5206 1078
5638 1079
5596 1079
5390 1079
5384 1079
5591 1080
5496 1080
5654 1081
5428 1081
5367 1081
5351 1081
5320 1081
5127 1081
5440 1082
5302 1082
5280 1082
5265 1082
5513 1083
5481 1083
5427 1083
5418 1083
5260 1083
5159 1083
5689 1084
5502 1084
5281 1084
5268 1084
5682 1085
5550 1085
5457 1085
5413 1085
5271 1085
5598 1086
5561 1086
5530 1086
5518 1086
5514 1086
5485 1086
5452 1086
5353 1086
5235 1086
5500 1087
5364 1087
5360 1087
5286 1087
5100 1087
5608 1088
5447 1088
5426 1088
5407 1088
5307 1088
5300 1088
5275 1088
5254 1088
5057 1088
5849 1089
5542 1089
5414 1089
5410 1089
5295 1089
5665 1090
5570 1090
5462 1090
5357 1090
5034 1090
5548 1091
5497 1091
5495 1091
5417 1091
5342 1091
5253 1091
5578 1092
5493 1092
5460 1092
5287 1092
5552 1093
5318 1093
5261 1093
5461 1094
5415 1094
5403 1094
5380 1094
5219 1094
5193 1094
5564 1095
5506 1095
5480 1095
5330 1095
5135 1095
5576 1096
5534 1096
5507 1096
5263 1096
5613 1097
5402 1097
5204 1097
5361 1098
5266 1098
5249 1098
5823 1100
5617 1100
5528 1100
5449 1100
5363 1100
5252 1100
5726 1101
5637 1101
5541 1101
5422 1101
5759 1102
5733 1102
5590 1102
5520 1102
5456 1102
5282 1102
5667 1103
5432 1103
5420 1103
5626 1104
5566 1104
5471 1104
5424 1104
5362 1104
5349 1104
5681 1105
5488 1105
5419 1105
5350 1105
5335 1105
6078 1106
5815 1106
5635 1106
5546 1106
5537 1106
5448 1106
5436 1106
5421 1106
5317 1106
5303 1106
5672 1107
5643 1107
5699 1108
5604 1108
5325 1108
5713 1109
5701 1109
5670 1109
5645 1109
5622 1109
5527 1109
5356 1109
5793 1110
5684 1110
5575 1110
5571 1110
5532 1110
5454 1110
5644 1111
5492 1111
5466 1111
5398 1111
5301 1111
5754 1112
5620 1112
5524 1112
5469 1112
5416 1112
5297 1112
5264 1112
5779 1113
5573 1113
5463 1113
5565 1114
5511 1114
5339 1114
5841 1115
5508 1115
5798 1116
5144 1116
5674 1117
5660 1117
5648 1117
5610 1117
5558 1117
5551 1117
5908 1118
5704 1118
5625 1118
5486 1118
5484 1118
5373 1118
5693 1119
5640 1119
5597 1119
5539 1119
5716 1120
5680 1120
5663 1120
5587 1120
5567 1120
5562 1120
5510 1120
5387 1120
5606 1121
5491 1121
5989 1122
5921 1122
5805 1122
6015 1123
5958 1123
5816 1123
5529 1123
5929 1124
5840 1124
5752 1124
5741 1124
5616 1124
5595 1124
5585 1124
5557 1124
5259 1124
5917 1125
5772 1125
5630 1125
5600 1125
5487 1125
5425 1125
5724 1126
5668 1126
5659 1126
5711 1127
5544 1127
5501 1127
6062 1128
5664 1128
5549 1128
5535 1128
5377 1128
5370 1128
5794 1129
5751 1129
5651 1129
5634 1129
5451 1129
5366 1129
5777 1130
5700 1130
5599 1130
5525 1130
5458 1130
5374 1130
5935 1131
5896 1131
5735 1131
5656 1131
5928 1132
5826 1132
5536 1132
5738 1133
5707 1133
5676 1133
5628 1133
5611 1133
5592 1133
5572 1133
5933 1134
5845 1134
5833 1134
5808 1134
5729 1134
5515 1134
5475 1134
5473 1134
5842 1135
5757 1135
5728 1135
5712 1135
5614 1135
5499 1135
5490 1135
5438 1135
5423 1135
5406 1135
5819 1136
5817 1136
5649 1136
5594 1136
5894 1137
5866 1137
5860 1137
5762 1137
5538 1137
6146 1138
5678 1138
5619 1138
5554 1138
5113 1138
5696 1139
5675 1139
5593 1139
5580 1139
5453 1139
5832 1141
5812 1141
5783 1141
5775 1141
5690 1141
5612 1141
5523 1141
5633 1142
5629 1142
5395 1142
5956 1143
5865 1143
5769 1143
5734 1143
5722 1143
5710 1143
5673 1143
5666 1143
5434 1143
5747 1144
5714 1144
5703 1144
5641 1144
5607 1144
5781 1145
5749 1145
5650 1145
5813 1146
5773 1146
5755 1146
5636 1146
5857 1147
5687 1147
5586 1147
5545 1147
5991 1148
5615 1148
6301 1149
6020 1149
5881 1149
5801 1149
5796 1149
5766 1149
5750 1149
6152 1150
5918 1150
5702 1150
5631 1150
6172 1151
5784 1151
5685 1151
5314 1151
5975 1152
5948 1152
5947 1152
5679 1152
5677 1152
5658 1152
5888 1153
5589 1153
5512 1153
6161 1154
6150 1154
5969 1154
5859 1154
5661 1154
5993 1155
5983 1155
5761 1155
5727 1155
5718 1155
5717 1155
5602 1155
5945 1156
5861 1156
5836 1156
5740 1156
5719 1156
5662 1156
6104 1157
5899 1157
5848 1157
5810 1157
5789 1157
5723 1157
5720 1157
5389 1157
6054 1158
5618 1158
5569 1158
5331 1158
5992 1159
5898 1159
5847 1159
5835 1159
5834 1159
5825 1159
5756 1159
5732 1159
5731 1159
5708 1159
5653 1159
6133 1160
5774 1160
5770 1160
5767 1160
5588 1160
5985 1161
5872 1161
5647 1161
5936 1162
5914 1162
5883 1162
5868 1162
5828 1162
5743 1162
5730 1162
5967 1163
5949 1163
5809 1163
5799 1163
5574 1163
5559 1163
5470 1163
6017 1164
6016 1164
5886 1164
5721 1164
5609 1164
5603 1164
5577 1164
6057 1165
5853 1165
5797 1165
5736 1165
5691 1165
5505 1165
5870 1166
5827 1166
5807 1166
5745 1166
5522 1166
5715 1167
5698 1167
5581 1167
6051 1168
6023 1168
5973 1168
5939 1168
5771 1168
5652 1168
5560 1168
5483 1168
6044 1169
6039 1169
5862 1169
5764 1169
5563 1169
6102 1170
5806 1170
5584 1170
5393 1170
5930 1171
5876 1171
5821 1171
5981 1172
5869 1172
5824 1172
5802 1172
5776 1172
5957 1173
5950 1173
5889 1173
5877 1173
5844 1173
5786 1173
5785 1173
5748 1173
5579 1173
6190 1174
6108 1174
5837 1174
5800 1174
5763 1174
5963 1175
5951 1175
5903 1175
5742 1175
5994 1176
5905 1176
5892 1176
5867 1176
5850 1176
5829 1176
5709 1176
5671 1176
5639 1176
6173 1177
6170 1177
6026 1177
5851 1177
5725 1177
5705 1177
5688 1177
6095 1178
6050 1178
5986 1178
5941 1178
5902 1178
6070 1179
5920 1179
5912 1179
5909 1179
5839 1179
5822 1179
6466 1180
6009 1180
6005 1180
5972 1180
5792 1180
5782 1180
5778 1180
6117 1181
5996 1181
5977 1181
5916 1181
5758 1181
5669 1181
5934 1182
5765 1182
5739 1182
6118 1183
6101 1183
6093 1183
5923 1183
6066 1184
5962 1184
5932 1184
5854 1184
6211 1185
6083 1185
6069 1185
6032 1185
5979 1185
5938 1185
5922 1185
5897 1185
5655 1185
5646 1185
5954 1186
5919 1186
5831 1186
5697 1186
6139 1187
6049 1187
5864 1187
5863 1187
6204 1188
6202 1188
6053 1188
5855 1188
6047 1189
5913 1189
5838 1189
5737 1189
5657 1189
6440 1190
6003 1190
5943 1190
5891 1190
5621 1190
6151 1191
6076 1191
6058 1191
5818 1191
6109 1192
5952 1192
6259 1193
6033 1193
5966 1193
5901 1193
5843 1193
6080 1194
6029 1194
5885 1194
6192 1195
6074 1195
6004 1195
6000 1195
5987 1195
5960 1195
6168 1196
6077 1196
6052 1196
5984 1196
5965 1196
5955 1196
5946 1196
5887 1196
5706 1196
6334 1197
6283 1197
6158 1197
6127 1197
6088 1197
6024 1197
5695 1197
5692 1197
6198 1198
6030 1198
5976 1198
5900 1198
5880 1198
5873 1198
5856 1198
5746 1198
5686 1198
6176 1199
6072 1200
6061 1200
6010 1200
5893 1200
5811 1200
5803 1200
5744 1200
6275 1201
6046 1201
6006 1201
5995 1201
5820 1201
6270 1202
6220 1202
6126 1202
6116 1202
6090 1202
5879 1202
6135 1203
6132 1203
6092 1203
5790 1203
6177 1204
6142 1204
6103 1204
6081 1204
6018 1204
5925 1204
5915 1204
5804 1204
5780 1204
5988 1205
6236 1206
6199 1206
6169 1206
6245 1207
6035 1207
5959 1207
5927 1207
5878 1207
5788 1207
6244 1208
6180 1208
5997 1208
5895 1208
5858 1208
5852 1208
6200 1209
6144 1209
6125 1209
5990 1209
5940 1209
6228 1210
6164 1210
6131 1210
6122 1210
6120 1210
6337 1211
6321 1211
6031 1211
6014 1211
6346 1212
6100 1212
6089 1212
5998 1212
5926 1212
5884 1212
5694 1212
5760 1213
6316 1214
6302 1214
6242 1214
6213 1214
6027 1214
5982 1214
5875 1214
5882 1215
5830 1215
6237 1216
6155 1216
6085 1216
6040 1216
6243 1217
6110 1217
6022 1217
5890 1217
5787 1217
6306 1218
6207 1218
6227 1219
6137 1219
6263 1220
6136 1220
5931 1220
5910 1220
6257 1221
6212 1221
6163 1221
6071 1221
6403 1222
6307 1222
6251 1222
6056 1222
6025 1222
6001 1222
5953 1222
6434 1223
6305 1223
6276 1223
6238 1223
6130 1223
6041 1223
6037 1223
5944 1223
5942 1223
5911 1223
5904 1223
6358 1224
6320 1224
6214 1224
6191 1224
5791 1224
6356 1225
6123 1225
6073 1225
6043 1225
5970 1225
6140 1226
6063 1226
6012 1226
6474 1227
6288 1227
6165 1227
6145 1228
6106 1228
6086 1228
6034 1228
6008 1228
5871 1228
6248 1229
6195 1229
6183 1229
6166 1229
6153 1229
6129 1229
6002 1229
6249 1230
6224 1230
6205 1230
6187 1230
6174 1230
6097 1230
6038 1230
5814 1230
6451 1231
6421 1231
6197 1231
6079 1231
5846 1231
6641 1232
6392 1232
6335 1232
6279 1232
6216 1232
6206 1232
6138 1232
6028 1232
6235 1233
6157 1233
6112 1233
6084 1233
5937 1233
6343 1234
6303 1234
6287 1234
6059 1234
6285 1235
6147 1235
6113 1235
5961 1236
5906 1236
6340 1237
6281 1237
6013 1237
6473 1238
6350 1238
6330 1238
6310 1238
6297 1238
6082 1238
6021 1238
5874 1238
6361 1239
6333 1239
6255 1239
6209 1239
6194 1239
6221 1240
5980 1240
6490 1241
6258 1241
6185 1241
6091 1241
5907 1241
6645 1242
6388 1242
6323 1242
6298 1242
6273 1242
6267 1242
6266 1242
6254 1242
6229 1242
6188 1242
6042 1242
6119 1243
6656 1244
6612 1245
6362 1245
6250 1245
6241 1245
6141 1245
6480 1246
6311 1246
6268 1246
6167 1246
6094 1246
6019 1246
6741 1247
6373 1247
6189 1247
6064 1247
6363 1248
6208 1248
6578 1249
6184 1249
6312 1250
6175 1250
6060 1250
6558 1251
6342 1251
6215 1251
6099 1251
6036 1251
6537 1252
6370 1252
6331 1252
6324 1252
6315 1252
6226 1252
6201 1252
6429 1253
6427 1253
6299 1253
6196 1253
5974 1253
6318 1254
6300 1254
6223 1254
6159 1254
6121 1254
6609 1255
6530 1255
6414 1255
6314 1255
6011 1255
6689 1256
6376 1256
6336 1256
6327 1256
6107 1256
6105 1256
6068 1256
5978 1256
5971 1256
6574 1257
6415 1257
6409 1257
6472 1258
6426 1258
6395 1258
6284 1258
6225 1258
6193 1258
6048 1258
6538 1259
6433 1259
6390 1259
6354 1259
5964 1259
6352 1260
6341 1260
6332 1260
6154 1260
6128 1260
6124 1260
6111 1260
6425 1261
6349 1261
6065 1261
6007 1261
5768 1261
6528 1262
6484 1262
6408 1262
6400 1262
6286 1262
6247 1262
5924 1262
6670 1263
6422 1263
6406 1263
6277 1263
6261 1263
6087 1263
6463 1264
6385 1264
6368 1264
6265 1264
6460 1265
6431 1265
6430 1265
6359 1265
6232 1265
6186 1265
6633 1266
6444 1266
6402 1266
6162 1266
6143 1266
6502 1267
6412 1267
6377 1267
6353 1267
6272 1267
6171 1267
6571 1268
6234 1268
6179 1268
6396 1269
6369 1269
6269 1269
6222 1269
6423 1270
6379 1270
6278 1270
6182 1270
6181 1270
6586 1271
6548 1271
6399 1271
6344 1271
6274 1271
6219 1271
6218 1271
6055 1271
6516 1272
6449 1272
6231 1272
6459 1273
6387 1273
6383 1273
6256 1273
6597 1274
6457 1274
6380 1274
6313 1274
6252 1274
6573 1275
6526 1275
6503 1275
6469 1275
6381 1275
6292 1275
6262 1275
6134 1275
5968 1275
6598 1276
6506 1276
6405 1276
6328 1276
6351 1277
6308 1277
6067 1277
6840 1278
6805 1278
6271 1278
6695 1279
6623 1279
6513 1279
6501 1279
6309 1279
6045 1279
6625 1280
6482 1280
6479 1280
6450 1280
6417 1280
6372 1280
6566 1281
6543 1281
6524 1281
6291 1281
6532 1282
6519 1282
6264 1282
6210 1282
6559 1283
6535 1283
6246 1283
6582 1284
6520 1284
6407 1284
6394 1284
6568 1285
6551 1285
6539 1285
6491 1285
6485 1285
6730 1286
6583 1286
6545 1286
6443 1286
6438 1286
6435 1286
6397 1286
6156 1286
6149 1286
6098 1286
6770 1287
6536 1287
6115 1287
6603 1288
6577 1288
6565 1288
6505 1288
6075 1288
6800 1289
6682 1289
6428 1289
6290 1289
6282 1289
6160 1289
6096 1289
6705 1290
6605 1290
6657 1291
6367 1291
6617 1292
6464 1292
6322 1292
6784 1293
6675 1293
6639 1293
6587 1293
6560 1293
6521 1293
6515 1293
6779 1294
6715 1294
6676 1294
6593 1294
6575 1294
6462 1294
6317 1294
6289 1294
6727 1295
6674 1295
6389 1295
6239 1295
6646 1296
6494 1296
6445 1296
6596 1297
6493 1297
6398 1297
6468 1298
6375 1298
6371 1298
6319 1298
6295 1298
6230 1298
6949 1299
6821 1299
6785 1299
6447 1299
6411 1299
6325 1299
6544 1300
6489 1300
6477 1300
6441 1300
6518 1301
6497 1301
6456 1301
6382 1301
6378 1301
6233 1301
6148 1301
6739 1302
6611 1302
6584 1302
6437 1302
6416 1302
6384 1302
6712 1303
6410 1303
6114 1303
6707 1304
6669 1304
6595 1304
6576 1304
6448 1304
6432 1304
6347 1304
6280 1304
7072 1305
6615 1305
6570 1305
6743 1306
6653 1306
6562 1306
6523 1306
6499 1306
6366 1306
6326 1306
6294 1306
6393 1307
6260 1307
6534 1308
6465 1308
6697 1309
6557 1309
6522 1309
6504 1309
6360 1309
6296 1309
6203 1309
6987 1310
6606 1310
6588 1310
6492 1310
6886 1311
6470 1311
6458 1311
6240 1311
6217 1311
6541 1312
6471 1312
6452 1312
5999 1312
6713 1313
6688 1313
6563 1313
6488 1313
6348 1313
6867 1314
6668 1314
6552 1314
6550 1314
6546 1314
6527 1314
6404 1314
6178 1314
6938 1315
6929 1315
6839 1315
6601 1315
6542 1315
6455 1315
6339 1315
6329 1315
6749 1316
6659 1316
6640 1316
6630 1316
6547 1316
6446 1316
6355 1316
6591 1317
6495 1317
6453 1317
6807 1318
6679 1318
6635 1318
6442 1318
6304 1318
6663 1319
6439 1319
6365 1319
6951 1320
6930 1320
6651 1320
6581 1320
6525 1320
6413 1320
6716 1321
6554 1321
6862 1322
6731 1322
6699 1322
6652 1322
6531 1322
6514 1322
6912 1323
6759 1323
6721 1323
6666 1323
6616 1323
6589 1323
6569 1323
6476 1323
6529 1324
6496 1324
6401 1324
6386 1324
6885 1325
6654 1325
6608 1325
6512 1325
6902 1326
6579 1326
6572 1326
6509 1326
6475 1326
6293 1326
6921 1327
6826 1327
6753 1327
6718 1327
6678 1327
6364 1327
6850 1328
6703 1328
6619 1328
6436 1328
6418 1328
6374 1328
6345 1328
6998 1329
6757 1329
6424 1329
6914 1331
6594 1331
6553 1331
6879 1332
6687 1332
6667 1332
6661 1332
6391 1332
6788 1333
6725 1333
6556 1333
6481 1333
6887 1334
6722 1334
6858 1335
6665 1335
6631 1335
6627 1335
6585 1335
6772 1336
6664 1336
6592 1336
6467 1336
7001 1337
6763 1337
6677 1337
6607 1337
6599 1337
6564 1337
6851 1338
6737 1338
6711 1338
6621 1338
7043 1339
6970 1339
6762 1339
6756 1339
6706 1339
6647 1339
6643 1339
6533 1339
6517 1339
6483 1339
6908 1340
6683 1340
6673 1340
6655 1340
6629 1340
6357 1340
6869 1341
6818 1341
6815 1341
6750 1341
6696 1341
6624 1341
6911 1342
6829 1342
6769 1342
6710 1342
6508 1342
6253 1342
6827 1343
6660 1343
6613 1343
6549 1343
6461 1343
6338 1343
7021 1344
6917 1344
6795 1344
6732 1344
6649 1344
6974 1345
6957 1345
6733 1345
6719 1345
6622 1345
7104 1346
6920 1346
6734 1346
6708 1346
7089 1347
6884 1347
6747 1347
6870 1348
6834 1348
6626 1348
6500 1348
6498 1348
6977 1349
6790 1349
6768 1349
6650 1349
6637 1349
6898 1350
6781 1350
6744 1350
6618 1350
6590 1350
7027 1351
6981 1351
6797 1351
6736 1351
6728 1351
6701 1351
6680 1351
6610 1351
7138 1352
7107 1352
6857 1352
6847 1352
6835 1353
6798 1353
6555 1353
6507 1353
7143 1354
6935 1354
6787 1354
7154 1355
7014 1355
6971 1355
6894 1355
6782 1355
6752 1355
6567 1355
6540 1355
7132 1356
7111 1356
6832 1356
6771 1356
6973 1357
6861 1357
6811 1357
6758 1357
6580 1357
6487 1357
7013 1358
6780 1358
6748 1358
6510 1358
6738 1359
6628 1359
6620 1359
7155 1360
6975 1360
6939 1360
6895 1360
6794 1360
6634 1360
6602 1360
6600 1360
6928 1361
6836 1361
6690 1361
7173 1362
7165 1362
6883 1362
6817 1362
6735 1362
6714 1362
6923 1363
7065 1364
7050 1364
6729 1364
6888 1365
6877 1365
6876 1365
6838 1365
7067 1366
7057 1366
6983 1366
6904 1366
6860 1366
6740 1366
6420 1366
7000 1367
6846 1367
6812 1367
6791 1367
6755 1367
6561 1367
7088 1368
7025 1368
7022 1369
6992 1369
6986 1369
6960 1369
6947 1369
6644 1369
7157 1370
6982 1370
6864 1370
6685 1370
7183 1371
6946 1371
6918 1371
6873 1371
6809 1371
6698 1371
6604 1371
7453 1372
7071 1372
7070 1372
6942 1372
6940 1372
6636 1372
7312 1373
7116 1373
6961 1373
6880 1373
6803 1373
6511 1373
7006 1374
6950 1374
6907 1374
6855 1374
6814 1374
6486 1374
7163 1375
6994 1375
6866 1375
6841 1375
6801 1375
7218 1376
7004 1376
6978 1376
6943 1376
6889 1376
6882 1376
6871 1376
6833 1376
6778 1376
6704 1376
7133 1377
7080 1377
6893 1377
6868 1377
6761 1377
6694 1377
7164 1378
7048 1378
6822 1378
6820 1378
6806 1378
6638 1378
7055 1379
7033 1379
6789 1379
6760 1379
6681 1379
7360 1380
7028 1380
6995 1380
6865 1380
6793 1380
6684 1380
7139 1381
6941 1381
6813 1381
6774 1381
6614 1381
7224 1382
6984 1382
6783 1382
6859 1383
6802 1383
7370 1384
7099 1384
7031 1384
6937 1384
6843 1384
6777 1384
6746 1384
6419 1384
7078 1385
7046 1385
6972 1385
6919 1385
6745 1385
6686 1385
6648 1385
7176 1386
6804 1386
6662 1386
7230 1387
7199 1387
7069 1387
7041 1387
6976 1387
6786 1387
7373 1388
7093 1388
7056 1388
6897 1388
6773 1388
6691 1388
7251 1389
7203 1389
7083 1389
6890 1389
6825 1389
7470 1390
6852 1390
6842 1390
6671 1390
6478 1390
7239 1391
7189 1391
7085 1391
7060 1391
7049 1391
7038 1391
6996 1391
6632 1391
7150 1392
7142 1392
6945 1392
6849 1392
6799 1392
6764 1392
6754 1392
6700 1392
7231 1393
7152 1393
6988 1393
6931 1393
6872 1393
7333 1394
7236 1394
7127 1394
7024 1394
6990 1394
6985 1394
6936 1394
6742 1394
6709 1394
6454 1394
6875 1395
7307 1396
7128 1396
6958 1396
6824 1396
7102 1397
6878 1398
6823 1398
7015 1399
6909 1399
6837 1399
6796 1399
6767 1399
6672 1399
7227 1400
6979 1400
6964 1400
6892 1400
6881 1400
6819 1400
6751 1400
6692 1400
7092 1401
7076 1401
7066 1401
7045 1401
6724 1401
6723 1401
7255 1402
7248 1402
7186 1402
7035 1402
6831 1402
6792 1402
7326 1403
7161 1403
7097 1403
6999 1403
6962 1403
7130 1404
7117 1404
7079 1404
7064 1404
7002 1404
6944 1404
6899 1404
7278 1405
7109 1405
7017 1405
6693 1405
7482 1406
7296 1406
7192 1406
6905 1406
6720 1406
7281 1407
7209 1407
7158 1407
6924 1407
6910 1407
6845 1407
7232 1408
6853 1408
6808 1408
7160 1409
7115 1409
7074 1409
7061 1409
7058 1409
7005 1409
6993 1409
6900 1409
7343 1410
7216 1410
7125 1410
7121 1410
7011 1410
7009 1410
6997 1410
6963 1410
6828 1410
6816 1410
6642 1410
7300 1411
6969 1411
6956 1411
7269 1412
7077 1412
7131 1413
7010 1413
6726 1413
6658 1413
7464 1415
7299 1415
7149 1415
7062 1415
7008 1415
6922 1415
6896 1415
7051 1416
6967 1416
6916 1416
6856 1416
7291 1417
7168 1417
7349 1418
7289 1418
7244 1418
7197 1418
7171 1418
6901 1418
6874 1418
7212 1419
7185 1419
7156 1419
7007 1419
6989 1419
6968 1419
6915 1419
6775 1419
6766 1419
7412 1420
7398 1420
7393 1420
7250 1420
7147 1420
6948 1420
7348 1421
7206 1421
7101 1421
6830 1421
7551 1422
7486 1422
7242 1422
7040 1422
6863 1422
7351 1423
7243 1423
7217 1423
7103 1423
7016 1423
7012 1423
7290 1424
7535 1425
7120 1425
7044 1425
6927 1425
6903 1425
6702 1425
7471 1426
6952 1426
6765 1426
7436 1427
7261 1427
7029 1427
7003 1428
6934 1428
6891 1428
6854 1428
7579 1429
7144 1429
7135 1429
7119 1429
7023 1429
7899 1430
7148 1430
7098 1430
7036 1430
6959 1430
7495 1431
7342 1431
7223 1431
7184 1431
6925 1431
6906 1431
7345 1432
7113 1432
7068 1432
7030 1432
6932 1432
6810 1432
7086 1433
7026 1433
6991 1433
7233 1435
7181 1435
7167 1435
7162 1435
6933 1435
7322 1436
7214 1436
7198 1436
7090 1436
7039 1436
7479 1437
7467 1437
7337 1437
7334 1437
7277 1437
7228 1437
7221 1437
7019 1437
7455 1438
7319 1438
7190 1438
7328 1439
7226 1439
7175 1439
7126 1439
7096 1439
7613 1440
7530 1440
7425 1440
7407 1440
7271 1440
7193 1440
7174 1440
7063 1440
6954 1440
7405 1441
7263 1441
7238 1441
7191 1441
7053 1441
6776 1441
7426 1442
7404 1442
7352 1442
7317 1442
7166 1442
7153 1442
7020 1442
7731 1443
7355 1443
7240 1443
7137 1443
6965 1443
6913 1443
7304 1444
7210 1444
6953 1444
7177 1445
7141 1445
7367 1446
7136 1446
7100 1446
7095 1446
7285 1447
7270 1447
7188 1447
7151 1447
6955 1447
7366 1448
7318 1448
7245 1448
7134 1448
7084 1448
7018 1448
7590 1449
7254 1449
7187 1449
7430 1450
7330 1450
7324 1450
7310 1450
7286 1450
7229 1450
7521 1451
7338 1451
7329 1451
7274 1451
7082 1451
6926 1451
7604 1452
7432 1452
7282 1452
7054 1452
7474 1453
7406 1453
7047 1453
7614 1454
7501 1454
7247 1454
7037 1454
7610 1455
7344 1455
7241 1455
7108 1455
7523 1456
7446 1456
7397 1456
7253 1456
7222 1456
7140 1456
7546 1457
7437 1457
7395 1457
7391 1457
7252 1457
7211 1457
7484 1458
7427 1458
7267 1458
7215 1458
7170 1458
7569 1459
7392 1459
7339 1459
7302 1459
7195 1459
7129 1459
7059 1459
7459 1460
7439 1460
7179 1460
7110 1460
6844 1460
7681 1461
7418 1461
7237 1461
6966 1461
7775 1462
7693 1462
7456 1462
7401 1462
7374 1462
7213 1462
7178 1462
7106 1462
7372 1463
7309 1463
7273 1463
7219 1463
7118 1463
7114 1463
7560 1464
7399 1464
7379 1464
7320 1464
7073 1464
7512 1465
7279 1465
7172 1465
7122 1465
7034 1465
7460 1466
7423 1466
7315 1466
7169 1466
6848 1466
6717 1466
7663 1467
7652 1467
7514 1467
7441 1467
7411 1467
7402 1467
7311 1467
7196 1467
7807 1468
7475 1468
7468 1468
7462 1468
7429 1468
7305 1468
7268 1468
7265 1468
7204 1468
7145 1468
7490 1469
7431 1469
7341 1469
7608 1470
7480 1470
7409 1470
7363 1470
7234 1470
7361 1471
7756 1472
7665 1472
7498 1472
7295 1472
7264 1472
7698 1473
7589 1473
7383 1473
7293 1473
7249 1473
7246 1473
7347 1474
7340 1474
7123 1474
7642 1475
7258 1475
7105 1475
7584 1476
7440 1476
7413 1476
7384 1476
7377 1476
7235 1476
7042 1476
7448 1477
7260 1478
7200 1478
7052 1478
7734 1479
7598 1479
7396 1479
7371 1479
7313 1479
7094 1479
7677 1480
7609 1480
7321 1480
7297 1480
7283 1480
7112 1480
7712 1481
7669 1481
7649 1481
7424 1481
7364 1481
7335 1481
7225 1481
7631 1482
7483 1482
7444 1482
7769 1483
7689 1483
7588 1483
7568 1483
7450 1483
7375 1483
7749 1484
7621 1484
7517 1484
7476 1484
7435 1484
7415 1484
7381 1484
7257 1484
7087 1484
7032 1484
7717 1485
7478 1485
7469 1485
7336 1485
7287 1485
7081 1485
6980 1485
7839 1486
7494 1486
7473 1486
7443 1486
7389 1486
7485 1487
7350 1487
7861 1488
7750 1488
7390 1488
7358 1488
7434 1489
7353 1489
7668 1490
7491 1490
7466 1490
7378 1490
7362 1490
7301 1490
7180 1490
7828 1491
7820 1491
7797 1491
7675 1491
7534 1491
7262 1491
7124 1491
7442 1492
7386 1492
7202 1492
7201 1492
7146 1492
7612 1493
7542 1493
7607 1494
7465 1494
7316 1494
7284 1494
7208 1494
7850 1495
7723 1495
7602 1495
7597 1495
7592 1495
7548 1495
7497 1495
7481 1495
7194 1495
7531 1496
7385 1496
7356 1496
7303 1496
7489 1497
7400 1497
7323 1497
7703 1498
7594 1498
7580 1498
7524 1498
7394 1498
7633 1499
7582 1499
7559 1499
7539 1499
7205 1499
7644 1500
7540 1500
7503 1500
7884 1501
7794 1501
7505 1501
7492 1501
7433 1501
7782 1502
7781 1502
7774 1502
7515 1502
7510 1502
7408 1502
7620 1503
7502 1503
7419 1503
7327 1503
7256 1503
7207 1503
7605 1504
7387 1504
7557 1505
7556 1505
7388 1505
7814 1506
7801 1506
7292 1506
7220 1506
7091 1506
7615 1507
7561 1507
7545 1507
7416 1507
7182 1507
7988 1508
7799 1508
7629 1508
7628 1508
7565 1508
7543 1508
7506 1508
7493 1508
7382 1508
7075 1508
7742 1509
7729 1509
7690 1509
7522 1510
7507 1510
7325 1510
7294 1510
7805 1511
7449 1511
7298 1511
7821 1512
7743 1512
7666 1512
7974 1514
7929 1514
7735 1514
7635 1514
7528 1514
7516 1514
7796 1515
7793 1515
7783 1515
7657 1515
7600 1515
7558 1515
7275 1515
7958 1516
7695 1516
7576 1516
7571 1516
7508 1516
7684 1517
7639 1517
7454 1517
7159 1517
7421 1518
8082 1519
7851 1519
7790 1519
7776 1519
7727 1519
7606 1519
7570 1519
7567 1519
7768 1520
7747 1520
7722 1520
7553 1520
7537 1520
7472 1520
7288 1520
7883 1521
7758 1521
7618 1521
7661 1522
7660 1522
7332 1522
7984 1523
7697 1523
7533 1523
7725 1524
7706 1524
7538 1524
7452 1524
7414 1524
7813 1525
7773 1525
7748 1525
7654 1525
7549 1525
7357 1525
7766 1526
7683 1526
7554 1526
7499 1526
7477 1526
7786 1527
7641 1527
7617 1527
7354 1527
7816 1528
7792 1528
7785 1528
7751 1528
7744 1528
7650 1528
7438 1528
8133 1529
7911 1529
7874 1529
7728 1529
7593 1529
7544 1529
7525 1529
7504 1529
7844 1530
7574 1530
7563 1530
7518 1530
7511 1530
7509 1530
7944 1531
7931 1531
7857 1531
7759 1531
7550 1531
7461 1531
7365 1531
7847 1532
7788 1532
7653 1532
7645 1532
7259 1532
7852 1533
7806 1533
7740 1533
7659 1533
7624 1533
7526 1533
7488 1533
7346 1533
7314 1533
7272 1533
8280 1534
7536 1534
7276 1534
7831 1535
7791 1535
7741 1535
7572 1535
7555 1535
7306 1535
7915 1536
7753 1536
7428 1536
7368 1536
7308 1536
7625 1537
7447 1537
7917 1538
7859 1538
7772 1538
7671 1538
7643 1538
7616 1538
7500 1538
7458 1538
7938 1539
7846 1539
7711 1539
7599 1539
7585 1539
7410 1539
7800 1540
7755 1540
7720 1540
7673 1540
7795 1541
7709 1541
7611 1541
7591 1541
7586 1541
7573 1541
7520 1541
7266 1541
7632 1542
7403 1542
8021 1543
7771 1543
7726 1543
7562 1543
7422 1543
7280 1543
8026 1544
7893 1544
7692 1544
7603 1544
7445 1544
7369 1544
7969 1545
7835 1545
7829 1545
7686 1545
7626 1545
7380 1545
7985 1546
7971 1546
7827 1546
7777 1546
7994 1547
7930 1547
7812 1547
7634 1547
7754 1548
7702 1548
7623 1548
7595 1548
7519 1548
7487 1548
7463 1548
8086 1549
8083 1549
8030 1549
7961 1549
7691 1549
7662 1549
7529 1549
7457 1549
7848 1550
7784 1550
7714 1550
7658 1550
7581 1550
7552 1550
7925 1551
7826 1551
7765 1551
7764 1551
7836 1552
7762 1552
7989 1553
7891 1553
7863 1553
7708 1553
7619 1553
7513 1553
7815 1554
7578 1554
7359 1554
7942 1555
7912 1555
7880 1555
7824 1555
7780 1555
7688 1555
7981 1556
7636 1556
7417 1556
8072 1557
7954 1557
7894 1557
7707 1557
7532 1557
8075 1558
7888 1558
7779 1558
7757 1558
7877 1559
7860 1559
7676 1559
7496 1559
7376 1559
8161 1560
8147 1560
7830 1560
7767 1560
7651 1560
8106 1561
8057 1561
8037 1561
7980 1561
7871 1561
7420 1561
7976 1562
7862 1562
7845 1562
7724 1562
8314 1563
8119 1563
7856 1563
7627 1563
7583 1563
7979 1564
7566 1564
7787 1565
7637 1565
7564 1565
7907 1566
7809 1566
7778 1566
7547 1566
8355 1567
7887 1567
7873 1567
7763 1567
7672 1567
7587 1567
8138 1568
8093 1568
7998 1568
7926 1568
7849 1568
7687 1568
7451 1568
7710 1569
8211 1570
8098 1570
7951 1570
7940 1570
7858 1570
7841 1570
7811 1570
7664 1570
7991 1571
7798 1571
7736 1571
8045 1572
8012 1572
7876 1572
7817 1572
7808 1572
7667 1572
7331 1572
8085 1573
8022 1573
7967 1573
8054 1574
7993 1574
7718 1574
7682 1574
7648 1574
8287 1575
7960 1575
7843 1575
7699 1575
8557 1576
8068 1576
7990 1576
7966 1576
7908 1576
7721 1576
7713 1576
8257 1577
8063 1577
8163 1578
7882 1578
8142 1579
8139 1579
8001 1579
7936 1579
7638 1579
7596 1579
8204 1580
7935 1580
7823 1580
7700 1580
7872 1581
7804 1581
7716 1581
7678 1581
8246 1582
8127 1582
7956 1582
7952 1582
7842 1582
7832 1582
8216 1583
8149 1583
8088 1583
8079 1583
7953 1583
7738 1583
7541 1583
8171 1584
8023 1584
7955 1584
7903 1584
7897 1584
7752 1584
7746 1584
7733 1584
7647 1584
8144 1585
8129 1585
8062 1585
7898 1585
7745 1585
8256 1586
8217 1586
8040 1586
8013 1586
7949 1586
7927 1586
7719 1586
7679 1586
7834 1587
7732 1587
7670 1587
7655 1587
8464 1588
7950 1589
7622 1589
8485 1590
8323 1590
7934 1590
7789 1590
7694 1590
8140 1591
8081 1591
7921 1591
7906 1591
7879 1591
7854 1591
7760 1591
7739 1591
7577 1591
7575 1591
8233 1592
8135 1592
8061 1592
8041 1592
7975 1592
7833 1592
7972 1593
7919 1593
7918 1593
7822 1593
8132 1594
7957 1594
7646 1594
8255 1595
7890 1595
7865 1595
7715 1595
7685 1595
7674 1595
8097 1596
8089 1596
8008 1596
7941 1596
7737 1596
7680 1596
8506 1597
8121 1597
7937 1597
7837 1597
7819 1597
7810 1597
7696 1597
8190 1598
7996 1598
7704 1598
8378 1599
8169 1599
8104 1599
7973 1599
7922 1599
7914 1599
7886 1599
7705 1599
8453 1600
8306 1600
8136 1600
8042 1600
8034 1600
8005 1600
7977 1600
7878 1600
7840 1600
8332 1601
8130 1601
8038 1601
8010 1601
7855 1601
8580 1602
8262 1602
8148 1602
8107 1603
8048 1603
8000 1603
7770 1603
7701 1603
8221 1604
8110 1604
7948 1604
8177 1605
8036 1605
8125 1606
7892 1606
7870 1606
8115 1607
8025 1607
8006 1607
7896 1607
7881 1607
7761 1607
8251 1608
8170 1608
8159 1608
8017 1608
7900 1608
7885 1608
8244 1609
7838 1609
8510 1610
8295 1610
8168 1610
8134 1610
8091 1610
7968 1610
7910 1610
7889 1610
7630 1610
8101 1611
8070 1611
7986 1611
7802 1611
8429 1612
8122 1612
7947 1612
7527 1612
8395 1613
8299 1613
8183 1613
8024 1613
7964 1613
8223 1614
7963 1614
7920 1614
7909 1614
8156 1615
8071 1615
7640 1615
8346 1616
8319 1616
8009 1616
7983 1616
8225 1617
8049 1617
8016 1617
7932 1617
7867 1617
8462 1618
8234 1618
8094 1618
8051 1618
7959 1618
7730 1618
8505 1619
8182 1619
8143 1619
8128 1619
8007 1620
7818 1620
8150 1621
8020 1621
8004 1621
8425 1622
8367 1622
8328 1622
8174 1622
8120 1622
8076 1622
8073 1622
8050 1622
8039 1622
7916 1622
8607 1623
8282 1623
8095 1623
8032 1623
8028 1623
8298 1624
8191 1624
8175 1624
8124 1624
7933 1624
7924 1624
7902 1624
7868 1624
7601 1624
8573 1625
8343 1625
8324 1625
8157 1625
7895 1625
7869 1625
8344 1626
8339 1626
8237 1626
8192 1626
8181 1626
8084 1626
8052 1626
8047 1626
7656 1626
8402 1627
8285 1627
8274 1627
8200 1627
8184 1627
8151 1627
8090 1627
8074 1627
8033 1627
7992 1628
7943 1628
8527 1629
8341 1629
8226 1629
8214 1629
8209 1629
8164 1629
8067 1629
8065 1629
8056 1629
8513 1630
8310 1630
8304 1630
8046 1630
7987 1630
8275 1631
8236 1631
8166 1631
8060 1631
8031 1631
7853 1631
7803 1631
8540 1632
8406 1632
8385 1632
8307 1632
8114 1632
7970 1632
7905 1632
8522 1633
8368 1633
8203 1633
8131 1633
8111 1633
8292 1634
8158 1634
8152 1634
8146 1634
8108 1634
8394 1635
8376 1635
8250 1635
8180 1635
7928 1635
8466 1636
8427 1636
8353 1636
8201 1636
8160 1636
8078 1636
7939 1636
8430 1637
8186 1637
8568 1638
8208 1638
8102 1638
8099 1638
7864 1638
8333 1639
8077 1639
8027 1639
8342 1640
8329 1640
8354 1641
8264 1641
8240 1641
8215 1641
8011 1641
7965 1641
8508 1642
8474 1642
8412 1642
8265 1642
8019 1642
7978 1642
8271 1643
8374 1644
8351 1644
8238 1644
8165 1644
8043 1644
7945 1644
7923 1644
7901 1644
7875 1644
8357 1645
8252 1645
8198 1645
8154 1645
7995 1645
8426 1646
8380 1646
8320 1646
8249 1646
8424 1647
8371 1647
8266 1647
8176 1647
8173 1647
8059 1647
8003 1647
8002 1647
7825 1647
8409 1648
8372 1648
8335 1648
8317 1648
8202 1648
8018 1648
8358 1649
8337 1649
8195 1649
8189 1649
8069 1649
8014 1649
8436 1650
8401 1650
8241 1650
8066 1650
8668 1651
8523 1651
8369 1651
8302 1651
8263 1651
8179 1651
8103 1651
8618 1652
8261 1652
8270 1653
8229 1653
8087 1653
7866 1653
8428 1654
8365 1654
8096 1654
8359 1655
8092 1655
8363 1656
8356 1656
8291 1656
8118 1656
8029 1656
8438 1657
8418 1657
8327 1657
8293 1657
8268 1657
8197 1657
8576 1658
8392 1658
8325 1658
8289 1658
8278 1658
8227 1658
8416 1659
8194 1659
8141 1659
7982 1659
8737 1660
8383 1660
8296 1660
8243 1660
8635 1661
8564 1661
8442 1661
8334 1661
8516 1662
8423 1662
8377 1662
8231 1662
8228 1662
7904 1662
8248 1663
8167 1663
8117 1663
8055 1663
8579 1664
8116 1664
8641 1665
8044 1665
8685 1666
8511 1666
8276 1666
8205 1666
8155 1666
7997 1666
7962 1666
8622 1667
8277 1667
8080 1667
7999 1667
8496 1668
8452 1668
8396 1668
8312 1668
8303 1668
8218 1668
8109 1668
8015 1668
8487 1669
8410 1669
8322 1669
8286 1669
8267 1669
8222 1669
8407 1670
8387 1670
8272 1670
8206 1670
8873 1671
8560 1671
8518 1671
8467 1671
8414 1671
8220 1671
8113 1671
8609 1672
8448 1672
8347 1672
8196 1672
8172 1672
8112 1672
8431 1673
8219 1673
8193 1673
8100 1673
7946 1673
8581 1674
8535 1674
8489 1674
8411 1674
8379 1674
8362 1674
8239 1674
8058 1674
8703 1675
8574 1675
8470 1675
8454 1675
8153 1675
8545 1676
8443 1676
8178 1676
8644 1677
8432 1677
8064 1677
8767 1678
8631 1678
8588 1678
8345 1678
8145 1678
7913 1678
8338 1679
8321 1679
8283 1679
8224 1679
8162 1679
8735 1680
8633 1680
8566 1680
8534 1680
8514 1680
8297 1680
8619 1681
8606 1681
8399 1681
8390 1681
8230 1681
8105 1681
8867 1682
8642 1682
8434 1682
8137 1682
9071 1683
8676 1683
8613 1683
8529 1683
8488 1683
8482 1683
8458 1683
8421 1683
8400 1683
8640 1684
8491 1684
8475 1684
8447 1684
9112 1685
8661 1685
8542 1685
8519 1685
8877 1686
8599 1686
8533 1686
8360 1686
8998 1687
8822 1687
8775 1687
8691 1687
8689 1687
8603 1687
8507 1687
8479 1687
8350 1687
8311 1687
8213 1687
8601 1688
8549 1688
8537 1688
8515 1688
8456 1688
8375 1688
8281 1688
8403 1689
8451 1690
8348 1690
8188 1690
8645 1691
8638 1691
8459 1691
8415 1691
8361 1691
8610 1692
8384 1692
8258 1692
8621 1693
8592 1693
8440 1693
8308 1693
8235 1693
8053 1693
8744 1694
8520 1694
8714 1695
8420 1695
8655 1696
8207 1696
8700 1697
8503 1697
8366 1697
8908 1698
8435 1698
8608 1699
8584 1699
8548 1699
8340 1699
8269 1699
8254 1699
8035 1699
8990 1700
8725 1700
8710 1700
8651 1700
8463 1700
8848 1701
8612 1701
8555 1701
8821 1702
8747 1702
8679 1702
8521 1702
8495 1702
8478 1702
8859 1703
8433 1703
8212 1703
8123 1703
8789 1704
8583 1704
8413 1704
8405 1704
8301 1704
8906 1705
8736 1705
8724 1705
8704 1705
8666 1705
8600 1705
8596 1705
8499 1705
8476 1705
8305 1705
8672 1706
8536 1706
8408 1706
8326 1706
8309 1706
8763 1707
8578 1707
8528 1707
8486 1707
8398 1707
8349 1707
8336 1707
8886 1708
8756 1708
8731 1708
8715 1708
8662 1708
8627 1708
8484 1708
8273 1708
8242 1708
8716 1709
8562 1709
8187 1709
8654 1710
8526 1710
8683 1711
8563 1711
8862 1712
8831 1712
8745 1712
8680 1712
8602 1712
8538 1712
8517 1712
8473 1712
8460 1712
8260 1712
8253 1712
8694 1713
8589 1713
8543 1713
8502 1713
8471 1713
8446 1713
9140 1714
8818 1714
8501 1714
8776 1715
8352 1715
8943 1716
8720 1716
8718 1716
8480 1716
9136 1717
8786 1717
8671 1717
8652 1717
8628 1717
8582 1717
8783 1718
8723 1718
8658 1718
8437 1718
8393 1718
8331 1718
8279 1718
8940 1719
8483 1719
8389 1719
8364 1720
8210 1720
8625 1721
8570 1721
8524 1721
8457 1721
9123 1722
9010 1722
8373 1722
8316 1722
8955 1723
8753 1723
8751 1723
8639 1723
8247 1723
8897 1724
8811 1724
8805 1724
8778 1724
8697 1724
8687 1724
8605 1724
8544 1724
8532 1724
9095 1725
8705 1725
8634 1725
8417 1725
8382 1725
8315 1725
8290 1725
9012 1726
8819 1726
8649 1726
8597 1726
8916 1727
8690 1727
8575 1727
8561 1727
8530 1727
8439 1727
8300 1727
8646 1728
8615 1728
8539 1728
8386 1728
8288 1728
8846 1729
8594 1729
8572 1729
8500 1729
8444 1729
8741 1730
8647 1730
8842 1731
8754 1731
8587 1731
8556 1731
8504 1731
8481 1731
8449 1731
9030 1732
8813 1732
8492 1732
8455 1732
8245 1732
8199 1732
8717 1733
8701 1733
8673 1733
8632 1733
8626 1733
8896 1734
8657 1734
8590 1734
8547 1734
8770 1735
8660 1735
8915 1736
8883 1736
8808 1736
8742 1736
8616 1736
8571 1736
8541 1736
8126 1736
8696 1737
8450 1737
9018 1738
8850 1738
8829 1738
8752 1738
8722 1738
8938 1739
8882 1739
8732 1739
8465 1739
9031 1740
8890 1740
8565 1740
8468 1740
8330 1740
8959 1741
8879 1741
8865 1741
8833 1741
8569 1741
8567 1741
9040 1742
8924 1742
8799 1742
8711 1742
8637 1742
8623 1742
8595 1742
8445 1742
8397 1742
9222 1743
8765 1743
8461 1743
8899 1744
8874 1744
8664 1744
8498 1744
8404 1744
9147 1745
9098 1745
9069 1745
9019 1745
8858 1745
9149 1746
9109 1746
8978 1746
8788 1746
8707 1746
8674 1746
8586 1746
8892 1747
8624 1747
8591 1747
8318 1747
8284 1747
9056 1748
8857 1748
8743 1748
8659 1748
8656 1748
8469 1748
8381 1748
8991 1749
8936 1749
8934 1749
8925 1749
8793 1749
8675 1749
8636 1749
8185 1749
9015 1750
8898 1750
8730 1750
8614 1750
8550 1750
8493 1750
8441 1750
8419 1750
9020 1751
8974 1751
8888 1751
8856 1751
8844 1751
8739 1751
8546 1751
8809 1752
8800 1752
8794 1752
8772 1752
8748 1752
8554 1752
8552 1752
8490 1752
8982 1753
8835 1753
8232 1753
8926 1754
8512 1754
9036 1755
8927 1755
8841 1755
8755 1755
8577 1755
8294 1755
8912 1756
8695 1756
8611 1756
8944 1757
8728 1757
8712 1757
8604 1757
8497 1757
8952 1758
8917 1758
8693 1758
8946 1759
8894 1759
8967 1760
8957 1760
8630 1760
8950 1761
8494 1761
9247 1762
9114 1762
8895 1762
8667 1762
8477 1762
9049 1763
8837 1763
8836 1763
8699 1763
8665 1763
8629 1763
8903 1764
8881 1764
8880 1764
8792 1764
8790 1764
8559 1764
8509 1764
8803 1765
8779 1765
8758 1765
8593 1765
8531 1765
8832 1766
8830 1766
8259 1766
8960 1767
8807 1767
8762 1767
8558 1767
8553 1767
9174 1768
9169 1768
8871 1768
8849 1768
8585 1768
9302 1769
9077 1769
8971 1769
8920 1769
8900 1769
8706 1769
9116 1770
9090 1770
8757 1770
8708 1770
9271 1771
8825 1771
8617 1771
9017 1772
8933 1772
8913 1772
8869 1772
8670 1772
8370 1772
8981 1773
8956 1773
8954 1773
8746 1773
8678 1773
9235 1774
9204 1774
9042 1774
8853 1774
8826 1774
9303 1775
8937 1775
8681 1775
8643 1775
9097 1776
8999 1776
8815 1776
8802 1776
8787 1776
8764 1776
8750 1776
9066 1777
8878 1777
8804 1777
9041 1778
9014 1778
8951 1778
8884 1778
8843 1778
8777 1778
8663 1778
8422 1778
9499 1779
9027 1779
8885 1779
8845 1779
8827 1779
8797 1779
9375 1780
9024 1780
8942 1780
8525 1780
9257 1781
9227 1781
9032 1781
8782 1781
9413 1782
9080 1782
8961 1782
8945 1782
8801 1782
8785 1782
9070 1783
9004 1783
8979 1783
8727 1783
8650 1783
8472 1783
9218 1784
9192 1784
9182 1784
9129 1784
9065 1784
8962 1784
8919 1784
8823 1784
8702 1784
8684 1784
9231 1785
9151 1785
9093 1785
9034 1785
8839 1785
8729 1785
9178 1786
8932 1786
8814 1786
8692 1786
8653 1786
9232 1787
9160 1787
9011 1787
8893 1787
8698 1787
9259 1788
9156 1788
9079 1788
8388 1788
9124 1789
9013 1789
8828 1789
8806 1789
8760 1789
9052 1790
8891 1790
8761 1790
9187 1791
9354 1792
9329 1792
8935 1792
8682 1792
8669 1792
8551 1792
9141 1793
8769 1793
8964 1794
9162 1795
9133 1795
9117 1795
9110 1795
9092 1795
9074 1795
9029 1795
8852 1795
8734 1795
9223 1796
9142 1796
8901 1796
8781 1796
8766 1796
8726 1796
8313 1796
9105 1797
8870 1797
8771 1797
9464 1798
9183 1798
9063 1798
8989 1798
8963 1798
8922 1798
9357 1799
9185 1799
9119 1799
9099 1799
9096 1799
9039 1799
9629 1800
9246 1800
9161 1800
8987 1800
8975 1800
8968 1800
8840 1800
8816 1800
9288 1801
9194 1801
9075 1801
8948 1801
8824 1801
8733 1801
9501 1802
9055 1802
8774 1802
8688 1802
8620 1802
9181 1803
8713 1803
9139 1804
9113 1804
8988 1804
8773 1804
8740 1804
9072 1805
8973 1805
8921 1805
8918 1805
8860 1805
8854 1805
9344 1806
9245 1806
9163 1806
9076 1806
9062 1806
9016 1806
8868 1806
8598 1806
9145 1807
9137 1807
9050 1807
9009 1807
8798 1807
9287 1808
9081 1808
9068 1808
9046 1808
8907 1808
9525 1809
9173 1809
9106 1809
8768 1809
9148 1810
9131 1810
8953 1810
8872 1810
8864 1810
9198 1811
8677 1811
9351 1812
9313 1812
8994 1812
8966 1812
8780 1812
8391 1812
9671 1813
9434 1813
9053 1813
8947 1813
8709 1813
9252 1814
9103 1814
8817 1814
8810 1814
9132 1815
9038 1815
9023 1815
9007 1815
8958 1815
8721 1815
9384 1816
9308 1816
9243 1816
9188 1816
9035 1816
9469 1817
9276 1817
9172 1817
9150 1817
8905 1817
8759 1817
9292 1818
9206 1818
9044 1818
8876 1818
8749 1818
9254 1819
9238 1819
9208 1819
9111 1819
9067 1819
9057 1819
8911 1819
8866 1819
9291 1820
9205 1820
9091 1820
9418 1821
9290 1821
9084 1822
9060 1822
8887 1822
8861 1822
8851 1822
9213 1823
9157 1823
9085 1823
9078 1823
9045 1823
9043 1823
9006 1823
8910 1823
8648 1823
9562 1824
9152 1824
9058 1824
8977 1824
9542 1825
9327 1825
9179 1825
9087 1825
8791 1825
9728 1826
9341 1826
9234 1826
9008 1826
9005 1826
8976 1826
9457 1827
9191 1827
9184 1827
9000 1827
8986 1827
8812 1827
9318 1828
9317 1828
9201 1828
9159 1828
8965 1828
8847 1828
9500 1829
9330 1829
9277 1829
9260 1829
9248 1829
9242 1829
9211 1829
9138 1829
8904 1829
8795 1829
9646 1830
9306 1830
9226 1830
9122 1830
9028 1830
9025 1830
9787 1831
9135 1831
9101 1831
9094 1832
9021 1832
9275 1833
9241 1833
9221 1833
9196 1833
8875 1833
8784 1834
9382 1835
9209 1835
9193 1835
8686 1835
9430 1836
9397 1836
9267 1836
8980 1836
9409 1837
9381 1837
9279 1837
9253 1837
9143 1837
8949 1837
9732 1838
9644 1838
9170 1838
9596 1839
9495 1839
9494 1839
9470 1839
9414 1839
9047 1839
8970 1839
8931 1839
9446 1840
9349 1840
9347 1840
9440 1841
9395 1841
9392 1841
9331 1841
9268 1841
9255 1841
9229 1841
9165 1841
8863 1841
9539 1842
9515 1842
9374 1842
9358 1842
9233 1842
9190 1842
9332 1843
9309 1843
9217 1843
9158 1843
9128 1843
9086 1843
9054 1843
8941 1843
9487 1844
9312 1844
9153 1844
9660 1845
9526 1845
9319 1845
9272 1845
9244 1845
8914 1845
8719 1845
9485 1846
9427 1846
9335 1846
9296 1846
9125 1846
9089 1846
9082 1846
8996 1846
8969 1846
8834 1846
9639 1847
9448 1847
9258 1847
9466 1848
9442 1848
9199 1848
9475 1849
9315 1849
9264 1849
9362 1850
8738 1850
9022 1851
8855 1851
9696 1852
9383 1852
9155 1852
8993 1852
8985 1852
9584 1853
9239 1853
9051 1853
9722 1854
9492 1854
9359 1854
9437 1855
9385 1855
9216 1855
9088 1855
9656 1856
9450 1856
9405 1856
9343 1856
9126 1856
9108 1856
9033 1856
8983 1856
9002 1857
9284 1858
9219 1858
9237 1859
9048 1859
8997 1859
9823 1860
9527 1860
9316 1860
9311 1860
9297 1860
9236 1860
9225 1860
9121 1860
9115 1860
8902 1860
8838 1860
8820 1860
9658 1861
9398 1861
9386 1861
9269 1861
9107 1861
9037 1861
9793 1862
9426 1862
9328 1862
9256 1862
9167 1862
8992 1862
9456 1863
9274 1863
8928 1863
9502 1864
9324 1864
8889 1864
9476 1865
9251 1865
9176 1865
8995 1865
8929 1865
9197 1866
9164 1866
9482 1867
9455 1867
9403 1867
9146 1867
9059 1867
9026 1867
8930 1867
9848 1868
9120 1868
9003 1868
9574 1869
9543 1869
9454 1869
9423 1869
9422 1869
9304 1869
9838 1870
9593 1870
9432 1870
9261 1870
9230 1870
9503 1871
9180 1871
9486 1872
9477 1872
9337 1872
9127 1872
9561 1873
9544 1873
9532 1873
9394 1873
9377 1873
9333 1873
9281 1873
9064 1873
9590 1874
9373 1874
9263 1874
9224 1874
9189 1874
9800 1875
9368 1875
8796 1875
9653 1876
9619 1876
9578 1876
9572 1876
9402 1876
9320 1876
9061 1876
9792 1877
9741 1877
9664 1877
9294 1877
9207 1877
9203 1877
9118 1877
8972 1877
9581 1878
9535 1878
9396 1878
9228 1878
9212 1878
9166 1878
9443 1879
9352 1879
9171 1879
8939 1879
9840 1880
9675 1880
9652 1880
9273 1880
9144 1880
8909 1880
9588 1881
9438 1881
9425 1881
9360 1881
9325 1881
9682 1882
9468 1882
9460 1882
9436 1882
9249 1882
9220 1882
9566 1883
9367 1883
9323 1883
9186 1883
9073 1883
9742 1884
9649 1884
9600 1884
9536 1884
9459 1884
9445 1884
9210 1884
9202 1884
9168 1884
9154 1884
9786 1885
9752 1885
9546 1885
9533 1885
9342 1885
9326 1885
9314 1885
9307 1885
9282 1885
9707 1886
9673 1886
9569 1886
9447 1886
9428 1886
9301 1886
9102 1886
9522 1887
9391 1887
9295 1887
9727 1888
9310 1888
9305 1888
9961 1889
9380 1889
9370 1889
9265 1889
9175 1889
8923 1889
9966 1890
9655 1890
9200 1890
9885 1891
9830 1891
9623 1891
9576 1891
9534 1891
9511 1891
9435 1891
9400 1891
9355 1891
9340 1891
9709 1892
9585 1892
9571 1892
9520 1892
9376 1892
9781 1893
9594 1893
9399 1893
9321 1893
9289 1893
9215 1893
9864 1894
9705 1894
9676 1894
9643 1894
9577 1894
9419 1894
9195 1894
9765 1895
9667 1895
9420 1895
9389 1895
9642 1896
9631 1896
9579 1896
9424 1896
9410 1896
9474 1897
9371 1897
9366 1897
9776 1898
9743 1898
9632 1898
9560 1898
9478 1898
9286 1898
9262 1898
9829 1899
9620 1899
9404 1899
9083 1899
9988 1900
9614 1900
9554 1900
9548 1900
9416 1900
9363 1900
9356 1900
9336 1900
9285 1900
9761 1901
9552 1901
9444 1901
9338 1901
9523 1902
9453 1902
9406 1902
9388 1902
9346 1902
9266 1902
9627 1903
9547 1903
9510 1903
9353 1903
9348 1903
9298 1903
9280 1903
9813 1904
9748 1904
9659 1904
9557 1904
9537 1904
9387 1904
8984 1904
9783 1905
9550 1905
9433 1905
9390 1905
9913 1906
9278 1906
9610 1907
9551 1907
9429 1907
9350 1907
9100 1907
9717 1908
9553 1908
9505 1908
9465 1908
9449 1908
9300 1908
9250 1908
9969 1909
9661 1909
9638 1909
9609 1909
9177 1909
9104 1909
9625 1910
9365 1910
9678 1911
9677 1911
9924 1912
9854 1912
9735 1912
9299 1912
9750 1913
9702 1913
9695 1913
9573 1913
9513 1913
9506 1913
9496 1913
9955 1914
9751 1914
9683 1914
9621 1914
9451 1914
9417 1914
9835 1915
9471 1915
9361 1915
9240 1915
9214 1915
9977 1916
9524 1916
9517 1916
9379 1916
9293 1916
9788 1917
9764 1917
9757 1917
9616 1917
9602 1917
9439 1917
9412 1917
9372 1917
9606 1918
9488 1918
9458 1918
9939 1919
9803 1919
9770 1919
9463 1919
9431 1919
9723 1920
9597 1920
9595 1920
9663 1921
9599 1921
9507 1921
9479 1921
9934 1922
9926 1922
9701 1922
9698 1922
9674 1922
9514 1922
9393 1922
9768 1923
9744 1923
9651 1923
9640 1923
9549 1923
9541 1923
9345 1923
9283 1923
9270 1923
9720 1924
9568 1924
9556 1924
9498 1924
9777 1925
9666 1925
9591 1925
9957 1926
9545 1926
9322 1926
9134 1926
9608 1927
9605 1927
9820 1928
9778 1928
9746 1928
9946 1929
9825 1929
9654 1929
9567 1929
9462 1929
9582 1930
9580 1930
9555 1930
9490 1930
9789 1931
9712 1931
9130 1931
9845 1932
9811 1932
9491 1932
9407 1932
9889 1933
9808 1933
9662 1933
9618 1933
9586 1933
9968 1934
9863 1934
9637 1934
9634 1934
9617 1934
9938 1935
9815 1935
9694 1935
9615 1935
9607 1935
9378 1935
9601 1936
9540 1936
9521 1936
9481 1936
9421 1936
9518 1937
9896 1938
9772 1938
9767 1938
9691 1938
9603 1938
9509 1938
9929 1939
9672 1939
9415 1939
9401 1939
9921 1940
9911 1940
9891 1940
9763 1940
9512 1940
9726 1941
9974 1942
9713 1942
9339 1942
9991 1943
9852 1943
9624 1943
9334 1943
9001 1943
9902 1944
9814 1944
9724 1944
9703 1944
9657 1944
9641 1944
9636 1944
9563 1944
9441 1944
9861 1945
9798 1945
9680 1945
9633 1945
9516 1945
9806 1946
9805 1946
9575 1946
9973 1947
9972 1947
9779 1947
9731 1947
9730 1947
9484 1947
9821 1948
9710 1948
9531 1948
9937 1949
9846 1949
9780 1949
9760 1949
9733 1949
9708 1949
9685 1949
9628 1949
9980 1950
9925 1950
9411 1950
9922 1951
9771 1951
9626 1951
9504 1951
9736 1952
9480 1952
9998 1953
9965 1953
9688 1953
9364 1953
9928 1954
9711 1954
9692 1954
9936 1955
9796 1955
9884 1956
9810 1956
9758 1956
9725 1956
9669 1956
9895 1957
9817 1957
9598 1957
9570 1957
9869 1958
9832 1958
9816 1958
9670 1958
9882 1959
9745 1959
9564 1959
9497 1959
9956 1960
9890 1960
9876 1960
9847 1960
9759 1960
9508 1960
9868 1961
9650 1961
9613 1961
9959 1962
9914 1962
9754 1962
9686 1962
9473 1962
9790 1963
9679 1963
9461 1963
9408 1963
9997 1964
9729 1964
9704 1964
9647 1964
9467 1964
9857 1966
9493 1966
9967 1967
9538 1967
9944 1968
9941 1968
9766 1968
9635 1968
9981 1969
9734 1969
9687 1969
9916 1970
9819 1970
9812 1970
9583 1970
9851 1971
9828 1971
9824 1971
9802 1971
9753 1971
9747 1971
9999 1972
9996 1972
9899 1972
9472 1972
9369 1972
9881 1973
9859 1973
9755 1973
9697 1973
9918 1974
9587 1974
9912 1975
9700 1975
9917 1976
9668 1976
9880 1977
9791 1977
9756 1977
9719 1977
9699 1977
9681 1977
9951 1978
9690 1978
9648 1978
9559 1978
9452 1978
9963 1979
9799 1979
9604 1979
9993 1980
9612 1980
9794 1981
9986 1982
9942 1982
9877 1982
9589 1982
9905 1983
9842 1983
9762 1983
9519 1983
9992 1984
9818 1984
9739 1984
9718 1984
9952 1985
9834 1985
9807 1985
9784 1985
9769 1986
9908 1987
9871 1987
9693 1987
9684 1987
9994 1988
9927 1988
9923 1988
9822 1988
9558 1988
9489 1988
9714 1990
9737 1991
9721 1991
9976 1992
9855 1992
9850 1992
9837 1992
9630 1992
9954 1993
9716 1993
9706 1993
9892 1994
9907 1995
9900 1995
9645 1995
9528 1995
9862 1996
9665 1996
9774 1997
9836 1999
9689 1999
10000 2000
9949 2000
9715 2000
9622 2000
9979 2001
9935 2001
9795 2002
9989 2003
9843 2003
9831 2003
9773 2003
9887 2004
9529 2004
9775 2005
9990 2006
9947 2006
9878 2006
9844 2006
9782 2006
9945 2007
9940 2007
9879 2007
9867 2007
9740 2007
9953 2008
9856 2008
9530 2008
9874 2009
9873 2009
9797 2009
9749 2009
9565 2009
9995 2010
9931 2011
9893 2011
9870 2011
9872 2013
9809 2013
9886 2014
9833 2014
9611 2014
9483 2015
9901 2017
9894 2017
9865 2017
9958 2018
9826 2018
9982 2019
9853 2020
9906 2021
9948 2022
9932 2024
9785 2024
9962 2025
9903 2025
9866 2025
9841 2025
9839 2026
9898 2027
9827 2027
9975 2028
9943 2028
9930 2029
9804 2029
9978 2030
9960 2031
9920 2033
9909 2037
9875 2037
9933 2038
9801 2038
9987 2041
9910 2042
9592 2044
9738 2046
9983 2047
9964 2047
9858 2047
9919 2048
9860 2048
9970 2049
9915 2049
9883 2052
9985 2054
9984 2054
9849 2054
9897 2057
9904 2068
9888 2074
9950 2084
9971 2089
