196 1
189 1
182 1
180 1
176 1
169 1
161 1
156 1
151 1
149 1
146 1
129 1
115 1
112 1
110 1
109 1
108 1
103 1
98 1
78 1
75 1
74 1
72 1
70 1
64 1
58 1
56 1
55 1
48 1
46 1
45 1
44 1
43 1
39 1
38 1
36 1
35 1
33 1
32 1
22 1
11 1
10 1
8 1
5 1
520 2
341 2
307 2
299 2
228 2
223 2
214 2
185 2
178 2
172 2
167 2
166 2
157 2
150 2
143 2
141 2
140 2
128 2
126 2
125 2
124 2
122 2
118 2
117 2
116 2
113 2
111 2
106 2
104 2
99 2
97 2
94 2
91 2
89 2
88 2
86 2
84 2
82 2
80 2
77 2
69 2
68 2
66 2
62 2
61 2
54 2
52 2
51 2
41 2
40 2
25 2
376 3
373 3
365 3
348 3
320 3
312 3
304 3
295 3
253 3
252 3
247 3
243 3
236 3
234 3
231 3
227 3
224 3
198 3
195 3
192 3
191 3
183 3
174 3
162 3
153 3
148 3
147 3
145 3
139 3
138 3
137 3
136 3
133 3
123 3
121 3
119 3
114 3
107 3
105 3
102 3
100 3
95 3
90 3
87 3
85 3
83 3
79 3
71 3
67 3
60 3
549 4
508 4
498 4
496 4
484 4
451 4
450 4
441 4
439 4
416 4
370 4
357 4
352 4
339 4
336 4
334 4
332 4
330 4
323 4
308 4
306 4
282 4
270 4
261 4
258 4
249 4
245 4
244 4
232 4
221 4
210 4
209 4
204 4
203 4
200 4
199 4
190 4
188 4
186 4
184 4
177 4
173 4
170 4
165 4
158 4
155 4
154 4
144 4
142 4
132 4
131 4
127 4
96 4
92 4
81 4
76 4
655 5
545 5
541 5
530 5
501 5
475 5
470 5
467 5
443 5
437 5
434 5
427 5
419 5
405 5
398 5
394 5
390 5
388 5
368 5
360 5
344 5
333 5
331 5
313 5
296 5
289 5
288 5
283 5
279 5
275 5
273 5
269 5
267 5
266 5
260 5
242 5
241 5
239 5
235 5
226 5
225 5
222 5
217 5
216 5
212 5
206 5
202 5
201 5
181 5
164 5
163 5
130 5
101 5
805 6
639 6
623 6
596 6
556 6
555 6
460 6
447 6
445 6
430 6
417 6
407 6
406 6
399 6
389 6
387 6
378 6
377 6
358 6
355 6
346 6
337 6
327 6
324 6
316 6
309 6
305 6
303 6
301 6
294 6
293 6
292 6
290 6
287 6
286 6
284 6
276 6
265 6
262 6
259 6
255 6
254 6
238 6
230 6
220 6
215 6
213 6
205 6
197 6
179 6
175 6
168 6
159 6
152 6
134 6
753 7
562 7
553 7
535 7
523 7
519 7
512 7
465 7
463 7
459 7
457 7
452 7
448 7
446 7
444 7
433 7
426 7
425 7
422 7
413 7
411 7
404 7
403 7
402 7
396 7
392 7
391 7
384 7
379 7
364 7
359 7
356 7
354 7
353 7
343 7
340 7
329 7
322 7
319 7
317 7
315 7
314 7
311 7
310 7
302 7
285 7
281 7
280 7
278 7
274 7
271 7
268 7
263 7
257 7
256 7
250 7
240 7
237 7
219 7
218 7
207 7
194 7
171 7
160 7
135 7
120 7
930 8
780 8
702 8
698 8
674 8
663 8
620 8
608 8
605 8
604 8
597 8
591 8
587 8
577 8
554 8
532 8
510 8
507 8
495 8
492 8
488 8
481 8
474 8
472 8
461 8
458 8
440 8
438 8
435 8
432 8
431 8
409 8
408 8
400 8
386 8
382 8
380 8
375 8
374 8
366 8
362 8
349 8
347 8
326 8
325 8
318 8
300 8
298 8
291 8
246 8
211 8
1057 9
964 9
862 9
811 9
726 9
723 9
720 9
705 9
685 9
672 9
652 9
648 9
606 9
600 9
599 9
598 9
595 9
582 9
581 9
568 9
567 9
565 9
560 9
540 9
539 9
536 9
527 9
526 9
518 9
504 9
497 9
491 9
486 9
483 9
471 9
469 9
466 9
464 9
456 9
455 9
442 9
418 9
414 9
412 9
369 9
367 9
363 9
342 9
328 9
277 9
251 9
248 9
233 9
229 9
193 9
869 10
850 10
833 10
814 10
808 10
779 10
775 10
748 10
722 10
700 10
696 10
695 10
692 10
676 10
669 10
644 10
632 10
629 10
628 10
614 10
607 10
602 10
588 10
569 10
538 10
529 10
524 10
511 10
506 10
502 10
500 10
499 10
493 10
489 10
473 10
424 10
415 10
410 10
395 10
335 10
297 10
1091 11
989 11
872 11
855 11
813 11
801 11
800 11
785 11
759 11
751 11
740 11
718 11
686 11
680 11
675 11
667 11
662 11
654 11
646 11
640 11
618 11
616 11
601 11
584 11
583 11
580 11
574 11
564 11
559 11
546 11
537 11
525 11
509 11
487 11
479 11
478 11
429 11
383 11
381 11
371 11
350 11
264 11
1118 12
1042 12
994 12
982 12
961 12
899 12
849 12
812 12
792 12
770 12
766 12
765 12
763 12
747 12
738 12
728 12
724 12
714 12
707 12
678 12
668 12
666 12
664 12
657 12
653 12
647 12
633 12
621 12
613 12
589 12
586 12
571 12
552 12
551 12
548 12
531 12
521 12
514 12
482 12
453 12
393 12
385 12
372 12
361 12
345 12
338 12
1312 13
1116 13
1060 13
1033 13
1018 13
967 13
957 13
954 13
945 13
916 13
891 13
861 13
856 13
841 13
831 13
824 13
806 13
790 13
788 13
776 13
772 13
771 13
761 13
754 13
745 13
737 13
732 13
730 13
727 13
712 13
693 13
687 13
683 13
682 13
677 13
660 13
651 13
650 13
643 13
642 13
630 13
626 13
622 13
615 13
610 13
609 13
592 13
585 13
579 13
557 13
543 13
534 13
517 13
516 13
503 13
490 13
477 13
462 13
449 13
428 13
401 13
351 13
321 13
272 13
1457 14
1445 14
1177 14
1036 14
1014 14
1010 14
968 14
952 14
936 14
934 14
933 14
900 14
897 14
894 14
877 14
852 14
843 14
838 14
818 14
803 14
786 14
783 14
778 14
777 14
764 14
750 14
725 14
721 14
708 14
697 14
694 14
688 14
673 14
656 14
645 14
619 14
612 14
594 14
590 14
572 14
570 14
550 14
547 14
542 14
528 14
522 14
513 14
494 14
485 14
476 14
454 14
423 14
1230 15
1221 15
1093 15
1086 15
1074 15
1050 15
1007 15
979 15
978 15
939 15
925 15
914 15
913 15
911 15
910 15
902 15
896 15
857 15
834 15
832 15
821 15
804 15
796 15
794 15
782 15
781 15
774 15
769 15
760 15
755 15
749 15
736 15
735 15
719 15
716 15
713 15
704 15
703 15
701 15
665 15
659 15
658 15
641 15
636 15
635 15
624 15
576 15
573 15
544 15
505 15
397 15
1164 16
1122 16
1112 16
1100 16
1067 16
1054 16
1041 16
1023 16
1004 16
987 16
981 16
980 16
971 16
970 16
959 16
942 16
937 16
923 16
909 16
904 16
881 16
873 16
863 16
858 16
840 16
828 16
799 16
795 16
793 16
757 16
756 16
744 16
742 16
717 16
709 16
699 16
691 16
690 16
681 16
649 16
631 16
578 16
575 16
563 16
561 16
436 16
1307 17
1280 17
1223 17
1222 17
1145 17
1142 17
1138 17
1135 17
1121 17
1115 17
1113 17
1085 17
1075 17
1063 17
1039 17
1029 17
1017 17
948 17
938 17
935 17
927 17
908 17
905 17
898 17
885 17
883 17
864 17
860 17
854 17
845 17
823 17
816 17
791 17
768 17
762 17
746 17
739 17
731 17
711 17
671 17
670 17
617 17
558 17
468 17
421 17
420 17
1421 18
1342 18
1273 18
1236 18
1202 18
1174 18
1168 18
1163 18
1149 18
1114 18
1104 18
1101 18
1061 18
1053 18
1022 18
1021 18
1012 18
1009 18
996 18
988 18
976 18
972 18
965 18
955 18
922 18
917 18
906 18
895 18
890 18
882 18
876 18
868 18
859 18
848 18
846 18
842 18
809 18
784 18
752 18
715 18
710 18
706 18
679 18
638 18
627 18
593 18
480 18
1644 19
1541 19
1496 19
1422 19
1372 19
1355 19
1326 19
1281 19
1209 19
1183 19
1170 19
1153 19
1137 19
1132 19
1097 19
1089 19
1084 19
1065 19
1064 19
1062 19
1056 19
1047 19
1037 19
1031 19
1027 19
1006 19
999 19
997 19
990 19
962 19
958 19
921 19
920 19
912 19
893 19
889 19
871 19
870 19
853 19
851 19
847 19
830 19
827 19
820 19
802 19
661 19
625 19
603 19
533 19
1667 20
1454 20
1419 20
1412 20
1402 20
1376 20
1291 20
1243 20
1218 20
1216 20
1211 20
1196 20
1179 20
1175 20
1171 20
1167 20
1146 20
1124 20
1119 20
1117 20
1098 20
1087 20
1070 20
1044 20
1020 20
995 20
986 20
974 20
943 20
940 20
915 20
903 20
888 20
878 20
866 20
837 20
829 20
826 20
825 20
822 20
798 20
787 20
767 20
743 20
1659 21
1645 21
1527 21
1486 21
1350 21
1313 21
1295 21
1262 21
1247 21
1239 21
1237 21
1229 21
1220 21
1206 21
1187 21
1152 21
1129 21
1126 21
1123 21
1107 21
1078 21
1045 21
1043 21
1038 21
1030 21
1008 21
969 21
966 21
951 21
946 21
932 21
901 21
886 21
884 21
874 21
867 21
844 21
836 21
835 21
789 21
734 21
689 21
611 21
515 21
1533 22
1499 22
1366 22
1364 22
1358 22
1345 22
1338 22
1335 22
1327 22
1314 22
1301 22
1285 22
1264 22
1252 22
1213 22
1199 22
1193 22
1192 22
1161 22
1160 22
1148 22
1130 22
1110 22
1109 22
1106 22
1092 22
1069 22
1051 22
973 22
944 22
928 22
918 22
907 22
892 22
880 22
879 22
815 22
773 22
741 22
684 22
566 22
2074 23
1630 23
1528 23
1515 23
1503 23
1436 23
1393 23
1383 23
1365 23
1349 23
1304 23
1299 23
1298 23
1294 23
1257 23
1245 23
1238 23
1232 23
1219 23
1215 23
1184 23
1165 23
1154 23
1150 23
1147 23
1141 23
1131 23
1095 23
1068 23
1049 23
1015 23
1001 23
993 23
991 23
963 23
953 23
947 23
926 23
819 23
797 23
758 23
634 23
1726 24
1583 24
1544 24
1508 24
1481 24
1466 24
1424 24
1416 24
1413 24
1410 24
1390 24
1371 24
1359 24
1357 24
1353 24
1341 24
1340 24
1284 24
1268 24
1254 24
1244 24
1227 24
1225 24
1217 24
1214 24
1197 24
1195 24
1189 24
1156 24
1155 24
1120 24
1105 24
1094 24
1081 24
1059 24
1040 24
1013 24
1005 24
975 24
931 24
929 24
919 24
887 24
839 24
729 24
2185 25
1807 25
1763 25
1706 25
1677 25
1666 25
1664 25
1649 25
1590 25
1589 25
1587 25
1509 25
1494 25
1493 25
1491 25
1485 25
1471 25
1459 25
1450 25
1439 25
1438 25
1407 25
1404 25
1394 25
1392 25
1373 25
1369 25
1356 25
1351 25
1346 25
1331 25
1302 25
1289 25
1288 25
1283 25
1282 25
1271 25
1266 25
1253 25
1208 25
1200 25
1194 25
1139 25
1136 25
1127 25
1108 25
1103 25
1102 25
1083 25
1080 25
1066 25
1034 25
1024 25
1019 25
1016 25
1002 25
1000 25
998 25
992 25
956 25
924 25
810 25
733 25
637 25
2335 26
2096 26
1848 26
1773 26
1723 26
1707 26
1702 26
1671 26
1658 26
1648 26
1640 26
1610 26
1602 26
1573 26
1569 26
1565 26
1539 26
1538 26
1524 26
1487 26
1458 26
1453 26
1442 26
1431 26
1427 26
1420 26
1395 26
1382 26
1378 26
1303 26
1297 26
1287 26
1286 26
1279 26
1272 26
1251 26
1241 26
1231 26
1204 26
1188 26
1178 26
1169 26
1166 26
1159 26
1143 26
1088 26
1076 26
1048 26
950 26
865 26
817 26
807 26
1894 27
1802 27
1660 27
1633 27
1632 27
1616 27
1603 27
1601 27
1594 27
1492 27
1483 27
1480 27
1464 27
1463 27
1452 27
1441 27
1428 27
1408 27
1391 27
1379 27
1375 27
1374 27
1367 27
1352 27
1347 27
1336 27
1332 27
1310 27
1306 27
1292 27
1275 27
1269 27
1249 27
1210 27
1207 27
1186 27
1185 27
1176 27
1173 27
1162 27
1157 27
1144 27
1134 27
1128 27
1082 27
1079 27
1073 27
1052 27
983 27
977 27
875 27
2126 28
2103 28
2007 28
1903 28
1829 28
1785 28
1746 28
1727 28
1724 28
1618 28
1582 28
1572 28
1564 28
1549 28
1548 28
1512 28
1467 28
1461 28
1429 28
1409 28
1405 28
1384 28
1381 28
1380 28
1368 28
1320 28
1319 28
1270 28
1267 28
1263 28
1250 28
1242 28
1235 28
1190 28
1181 28
1172 28
1090 28
1072 28
1058 28
1026 28
1025 28
1011 28
984 28
960 28
949 28
941 28
2134 29
2093 29
1901 29
1875 29
1780 29
1774 29
1714 29
1713 29
1712 29
1685 29
1679 29
1643 29
1600 29
1599 29
1596 29
1575 29
1570 29
1555 29
1553 29
1550 29
1525 29
1514 29
1489 29
1477 29
1474 29
1462 29
1447 29
1432 29
1430 29
1415 29
1411 29
1406 29
1385 29
1377 29
1370 29
1344 29
1339 29
1333 29
1325 29
1323 29
1317 29
1309 29
1259 29
1246 29
1205 29
1182 29
1180 29
1096 29
1077 29
1071 29
1028 29
1003 29
985 29
2042 30
2029 30
1970 30
1950 30
1948 30
1925 30
1895 30
1883 30
1871 30
1859 30
1850 30
1821 30
1810 30
1806 30
1796 30
1745 30
1687 30
1635 30
1623 30
1619 30
1612 30
1611 30
1607 30
1588 30
1578 30
1577 30
1556 30
1537 30
1535 30
1530 30
1529 30
1521 30
1516 30
1507 30
1495 30
1484 30
1444 30
1435 30
1388 30
1386 30
1348 30
1334 30
1329 30
1322 30
1316 30
1296 30
1256 30
1248 30
1158 30
1133 30
1111 30
1032 30
2308 31
2098 31
2068 31
1994 31
1951 31
1938 31
1924 31
1920 31
1843 31
1834 31
1827 31
1811 31
1805 31
1778 31
1764 31
1759 31
1757 31
1752 31
1732 31
1731 31
1725 31
1692 31
1689 31
1678 31
1650 31
1647 31
1642 31
1639 31
1497 31
1469 31
1455 31
1449 31
1446 31
1440 31
1434 31
1418 31
1399 31
1397 31
1363 31
1354 31
1321 31
1277 31
1233 31
1224 31
1201 31
1191 31
1151 31
1140 31
2538 32
2102 32
2091 32
2080 32
2009 32
1954 32
1941 32
1926 32
1910 32
1909 32
1906 32
1893 32
1891 32
1889 32
1879 32
1864 32
1803 32
1779 32
1758 32
1736 32
1720 32
1718 32
1711 32
1709 32
1686 32
1680 32
1670 32
1592 32
1581 32
1557 32
1543 32
1540 32
1532 32
1526 32
1523 32
1519 32
1490 32
1473 32
1472 32
1470 32
1460 32
1451 32
1401 32
1398 32
1324 32
1311 32
1274 32
1260 32
1240 32
1234 32
1055 32
2466 33
2419 33
2266 33
2234 33
2210 33
2133 33
2108 33
2072 33
1985 33
1944 33
1904 33
1847 33
1823 33
1788 33
1776 33
1751 33
1703 33
1701 33
1700 33
1674 33
1668 33
1621 33
1617 33
1595 33
1585 33
1579 33
1567 33
1566 33
1561 33
1534 33
1500 33
1482 33
1479 33
1443 33
1423 33
1387 33
1337 33
1330 33
1328 33
1261 33
1258 33
1226 33
1125 33
1099 33
2459 34
2453 34
2318 34
2250 34
2241 34
2193 34
2109 34
2087 34
1975 34
1947 34
1942 34
1912 34
1881 34
1877 34
1872 34
1813 34
1789 34
1772 34
1771 34
1755 34
1749 34
1735 34
1730 34
1705 34
1704 34
1690 34
1683 34
1629 34
1628 34
1620 34
1597 34
1571 34
1558 34
1551 34
1536 34
1518 34
1517 34
1478 34
1476 34
1468 34
1437 34
1389 34
1300 34
1293 34
1228 34
1203 34
1198 34
1046 34
2451 35
2336 35
2143 35
2099 35
2071 35
2062 35
2050 35
2026 35
2021 35
2016 35
2012 35
2011 35
1956 35
1932 35
1917 35
1913 35
1886 35
1876 35
1874 35
1865 35
1856 35
1833 35
1820 35
1819 35
1815 35
1804 35
1798 35
1739 35
1710 35
1673 35
1653 35
1641 35
1634 35
1631 35
1625 35
1608 35
1591 35
1559 35
1552 35
1531 35
1448 35
1417 35
1403 35
1400 35
1362 35
1343 35
1278 35
1212 35
2725 36
2462 36
2415 36
2414 36
2343 36
2342 36
2244 36
2207 36
2148 36
2117 36
2115 36
2107 36
2101 36
2066 36
2060 36
2056 36
2054 36
1999 36
1983 36
1976 36
1971 36
1966 36
1962 36
1884 36
1851 36
1809 36
1787 36
1783 36
1782 36
1761 36
1747 36
1728 36
1699 36
1697 36
1675 36
1656 36
1627 36
1622 36
1609 36
1606 36
1574 36
1546 36
1545 36
1513 36
1506 36
1502 36
1433 36
1426 36
1414 36
1315 36
1308 36
1290 36
1255 36
2774 37
2582 37
2511 37
2327 37
2306 37
2258 37
2249 37
2205 37
2203 37
2170 37
2166 37
2164 37
2075 37
2070 37
2044 37
2039 37
2028 37
2013 37
2010 37
2001 37
1953 37
1943 37
1937 37
1936 37
1931 37
1930 37
1929 37
1919 37
1890 37
1869 37
1855 37
1854 37
1845 37
1840 37
1835 37
1831 37
1824 37
1814 37
1793 37
1768 37
1765 37
1753 37
1748 37
1742 37
1719 37
1693 37
1669 37
1661 37
1638 37
1637 37
1636 37
1562 37
1520 37
1510 37
1504 37
1501 37
1465 37
1265 37
2711 38
2513 38
2442 38
2361 38
2320 38
2300 38
2265 38
2206 38
2198 38
2097 38
2084 38
2079 38
2036 38
2015 38
1995 38
1973 38
1955 38
1949 38
1933 38
1911 38
1899 38
1828 38
1826 38
1800 38
1795 38
1792 38
1791 38
1767 38
1754 38
1741 38
1737 38
1721 38
1717 38
1684 38
1663 38
1651 38
1605 38
1604 38
1580 38
1522 38
1396 38
1035 38
3188 39
2841 39
2533 39
2436 39
2401 39
2287 39
2272 39
2243 39
2235 39
2225 39
2219 39
2202 39
2196 39
2188 39
2154 39
2152 39
2149 39
2147 39
2112 39
2086 39
2082 39
2046 39
2020 39
2006 39
2003 39
1986 39
1984 39
1902 39
1882 39
1873 39
1867 39
1858 39
1857 39
1852 39
1842 39
1818 39
1784 39
1769 39
1756 39
1734 39
1716 39
1708 39
1695 39
1682 39
1657 39
1655 39
1614 39
1488 39
1276 39
3001 40
2712 40
2603 40
2430 40
2420 40
2397 40
2392 40
2387 40
2357 40
2355 40
2348 40
2344 40
2316 40
2285 40
2240 40
2231 40
2218 40
2201 40
2200 40
2189 40
2186 40
2181 40
2175 40
2169 40
2135 40
2113 40
2085 40
2063 40
2040 40
2037 40
1981 40
1960 40
1916 40
1896 40
1892 40
1880 40
1870 40
1863 40
1836 40
1817 40
1816 40
1808 40
1797 40
1794 40
1775 40
1770 40
1760 40
1743 40
1729 40
1715 40
1676 40
1654 40
1626 40
1613 40
1576 40
1498 40
1360 40
2985 41
2849 41
2846 41
2626 41
2588 41
2559 41
2556 41
2356 41
2340 41
2330 41
2319 41
2282 41
2222 41
2204 41
2199 41
2192 41
2180 41
2130 41
2127 41
2121 41
2111 41
2067 41
2041 41
2005 41
2002 41
2000 41
1998 41
1991 41
1990 41
1980 41
1974 41
1972 41
1934 41
1923 41
1918 41
1888 41
1862 41
1861 41
1853 41
1849 41
1799 41
1790 41
1781 41
1777 41
1766 41
1750 41
1733 41
1698 41
1694 41
1691 41
1688 41
1665 41
1652 41
1615 41
1598 41
1560 41
1542 41
1475 41
1456 41
1425 41
1318 41
2847 42
2816 42
2769 42
2683 42
2673 42
2619 42
2599 42
2557 42
2542 42
2536 42
2512 42
2507 42
2483 42
2463 42
2413 42
2406 42
2394 42
2393 42
2364 42
2317 42
2304 42
2295 42
2286 42
2271 42
2257 42
2242 42
2237 42
2232 42
2230 42
2194 42
2167 42
2129 42
2124 42
2033 42
2023 42
2014 42
2004 42
1993 42
1988 42
1952 42
1935 42
1812 42
1786 42
1738 42
1586 42
1584 42
1554 42
1547 42
3041 43
2803 43
2748 43
2654 43
2627 43
2562 43
2561 43
2551 43
2494 43
2491 43
2432 43
2411 43
2402 43
2381 43
2346 43
2329 43
2321 43
2307 43
2291 43
2290 43
2269 43
2255 43
2233 43
2217 43
2215 43
2144 43
2128 43
2119 43
2095 43
2083 43
2061 43
2051 43
2045 43
2035 43
2027 43
1997 43
1996 43
1968 43
1958 43
1922 43
1921 43
1908 43
1887 43
1868 43
1838 43
1681 43
1662 43
1646 43
1624 43
1593 43
1568 43
3282 44
2836 44
2823 44
2820 44
2792 44
2727 44
2721 44
2715 44
2684 44
2677 44
2650 44
2645 44
2636 44
2622 44
2605 44
2600 44
2572 44
2529 44
2527 44
2514 44
2445 44
2433 44
2408 44
2398 44
2395 44
2386 44
2378 44
2373 44
2349 44
2333 44
2289 44
2264 44
2229 44
2208 44
2197 44
2183 44
2182 44
2173 44
2151 44
2140 44
2139 44
2132 44
2094 44
2088 44
2058 44
2055 44
2047 44
2034 44
2019 44
2018 44
1982 44
1965 44
1964 44
1939 44
1914 44
1839 44
1830 44
1744 44
1740 44
1672 44
1305 44
2883 45
2857 45
2794 45
2767 45
2732 45
2688 45
2659 45
2625 45
2541 45
2472 45
2469 45
2446 45
2444 45
2428 45
2421 45
2410 45
2388 45
2372 45
2341 45
2323 45
2302 45
2301 45
2278 45
2263 45
2262 45
2260 45
2224 45
2211 45
2195 45
2191 45
2179 45
2178 45
2158 45
2142 45
2141 45
2137 45
2077 45
2049 45
2038 45
2030 45
1989 45
1987 45
1961 45
1897 45
1844 45
1841 45
1832 45
1801 45
1563 45
1505 45
3377 46
3015 46
2972 46
2818 46
2817 46
2807 46
2734 46
2723 46
2678 46
2646 46
2643 46
2633 46
2612 46
2590 46
2587 46
2579 46
2535 46
2530 46
2518 46
2492 46
2485 46
2447 46
2427 46
2368 46
2293 46
2259 46
2247 46
2245 46
2223 46
2221 46
2216 46
2163 46
2156 46
2136 46
2116 46
2105 46
2089 46
2059 46
2022 46
1979 46
1945 46
1940 46
1905 46
1898 46
1866 46
1762 46
1511 46
3199 47
3161 47
2998 47
2979 47
2662 47
2624 47
2615 47
2598 47
2584 47
2578 47
2554 47
2528 47
2497 47
2474 47
2454 47
2425 47
2407 47
2399 47
2385 47
2379 47
2377 47
2367 47
2350 47
2288 47
2284 47
2276 47
2273 47
2267 47
2212 47
2209 47
2172 47
2161 47
2145 47
2123 47
2100 47
2090 47
2057 47
2053 47
2032 47
2025 47
1978 47
1977 47
1900 47
1878 47
1825 47
3522 48
3454 48
3233 48
3165 48
3120 48
3050 48
3048 48
3023 48
3009 48
3005 48
2962 48
2875 48
2869 48
2851 48
2781 48
2777 48
2754 48
2752 48
2700 48
2672 48
2671 48
2630 48
2606 48
2581 48
2580 48
2552 48
2544 48
2520 48
2503 48
2501 48
2489 48
2486 48
2475 48
2473 48
2470 48
2416 48
2409 48
2403 48
2389 48
2360 48
2328 48
2315 48
2294 48
2280 48
2268 48
2254 48
2236 48
2190 48
2187 48
2146 48
2138 48
2076 48
2069 48
2065 48
2048 48
2043 48
2008 48
1992 48
1957 48
1928 48
1860 48
1846 48
1722 48
1696 48
1361 48
3318 49
3289 49
3230 49
3122 49
2930 49
2800 49
2799 49
2780 49
2773 49
2729 49
2669 49
2655 49
2652 49
2614 49
2609 49
2585 49
2577 49
2537 49
2519 49
2517 49
2504 49
2496 49
2460 49
2450 49
2449 49
2440 49
2439 49
2429 49
2396 49
2384 49
2380 49
2345 49
2261 49
2251 49
2239 49
2162 49
2160 49
2157 49
2150 49
2131 49
2122 49
2104 49
2031 49
2017 49
1959 49
1946 49
1907 49
1837 49
3573 50
3206 50
3056 50
3008 50
3003 50
2964 50
2945 50
2924 50
2860 50
2856 50
2813 50
2812 50
2810 50
2798 50
2746 50
2742 50
2733 50
2696 50
2680 50
2665 50
2656 50
2648 50
2641 50
2634 50
2623 50
2608 50
2586 50
2576 50
2532 50
2525 50
2522 50
2516 50
2506 50
2500 50
2495 50
2482 50
2481 50
2471 50
2464 50
2423 50
2417 50
2371 50
2334 50
2299 50
2283 50
2279 50
2274 50
2252 50
2238 50
2226 50
2168 50
2165 50
2155 50
2110 50
2073 50
1969 50
1885 50
3234 51
3177 51
3176 51
3151 51
3130 51
3051 51
3040 51
2987 51
2963 51
2956 51
2902 51
2896 51
2832 51
2801 51
2786 51
2763 51
2756 51
2743 51
2739 51
2738 51
2736 51
2679 51
2638 51
2632 51
2567 51
2547 51
2546 51
2543 51
2534 51
2521 51
2509 51
2508 51
2441 51
2437 51
2376 51
2370 51
2332 51
2277 51
2275 51
2253 51
2184 51
2120 51
2064 51
3595 52
3451 52
3421 52
3247 52
3219 52
3110 52
3038 52
3019 52
2976 52
2965 52
2947 52
2913 52
2900 52
2881 52
2878 52
2871 52
2864 52
2842 52
2829 52
2822 52
2770 52
2744 52
2737 52
2663 52
2660 52
2635 52
2553 52
2490 52
2452 52
2443 52
2390 52
2383 52
2366 52
2359 52
2352 52
2339 52
2331 52
2325 52
2314 52
2313 52
2297 52
2248 52
2228 52
2227 52
2176 52
2153 52
2092 52
2078 52
3411 53
3291 53
3173 53
3152 53
3125 53
3116 53
3112 53
3080 53
3046 53
3044 53
2978 53
2903 53
2895 53
2877 53
2858 53
2852 53
2827 53
2788 53
2783 53
2782 53
2764 53
2758 53
2749 53
2708 53
2699 53
2668 53
2644 53
2642 53
2637 53
2628 53
2601 53
2593 53
2589 53
2540 53
2531 53
2488 53
2467 53
2455 53
2448 53
2418 53
2404 53
2400 53
2382 53
2374 53
2351 53
2281 53
2177 53
2114 53
2052 53
2024 53
3869 54
3494 54
3462 54
3361 54
3342 54
3240 54
3202 54
3200 54
3104 54
3020 54
3013 54
2951 54
2894 54
2830 54
2796 54
2753 54
2747 54
2713 54
2703 54
2697 54
2686 54
2661 54
2574 54
2571 54
2568 54
2550 54
2545 54
2526 54
2478 54
2468 54
2457 54
2456 54
2431 54
2422 54
2353 54
2312 54
2305 54
2174 54
2159 54
2106 54
1915 54
1822 54
3559 55
3290 55
3288 55
3269 55
3263 55
3197 55
3166 55
3123 55
3118 55
3115 55
3090 55
3066 55
3025 55
3021 55
3007 55
3000 55
2982 55
2973 55
2970 55
2921 55
2920 55
2906 55
2899 55
2879 55
2845 55
2835 55
2833 55
2814 55
2790 55
2778 55
2765 55
2757 55
2724 55
2722 55
2705 55
2695 55
2693 55
2691 55
2674 55
2658 55
2651 55
2649 55
2647 55
2602 55
2560 55
2555 55
2487 55
2480 55
2434 55
2391 55
2375 55
2365 55
2303 55
2213 55
2118 55
1967 55
3745 56
3654 56
3328 56
3298 56
3251 56
3221 56
3169 56
3157 56
3154 56
3148 56
3069 56
3058 56
3053 56
3028 56
2941 56
2923 56
2916 56
2915 56
2904 56
2868 56
2862 56
2859 56
2848 56
2815 56
2797 56
2740 56
2689 56
2675 56
2639 56
2620 56
2596 56
2592 56
2575 56
2539 56
2524 56
2484 56
2477 56
2405 56
2362 56
2347 56
2324 56
2310 56
2298 56
2246 56
2220 56
2081 56
1963 56
3854 57
3575 57
3540 57
3532 57
3455 57
3370 57
3365 57
3275 57
3231 57
3212 57
3113 57
3101 57
3092 57
3087 57
3071 57
3047 57
3043 57
3022 57
2984 57
2980 57
2971 57
2957 57
2955 57
2949 57
2932 57
2912 57
2909 57
2887 57
2870 57
2853 57
2839 57
2834 57
2828 57
2809 57
2805 57
2776 57
2751 57
2716 57
2714 57
2709 57
2676 57
2670 57
2667 57
2657 57
2611 57
2604 57
2594 57
2583 57
2565 57
2523 57
2515 57
2435 57
2426 57
2369 57
2326 57
2256 57
2125 57
3832 58
3825 58
3801 58
3484 58
3465 58
3402 58
3337 58
3314 58
3262 58
3250 58
3248 58
3192 58
3179 58
3174 58
3164 58
3147 58
3136 58
3106 58
3089 58
3078 58
3073 58
3063 58
3024 58
3002 58
2995 58
2974 58
2960 58
2958 58
2954 58
2939 58
2938 58
2937 58
2917 58
2880 58
2865 58
2863 58
2791 58
2789 58
2787 58
2785 58
2771 58
2741 58
2731 58
2730 58
2720 58
2690 58
2685 58
2597 58
2569 58
2458 58
3945 59
3728 59
3726 59
3652 59
3505 59
3504 59
3468 59
3450 59
3446 59
3426 59
3403 59
3397 59
3394 59
3349 59
3260 59
3220 59
3201 59
3180 59
3150 59
3095 59
3030 59
2999 59
2989 59
2953 59
2935 59
2929 59
2907 59
2892 59
2886 59
2885 59
2855 59
2854 59
2806 59
2795 59
2775 59
2762 59
2761 59
2728 59
2707 59
2687 59
2610 59
2591 59
2558 59
2548 59
2510 59
2337 59
2296 59
2270 59
3975 60
3965 60
3772 60
3699 60
3664 60
3548 60
3539 60
3388 60
3347 60
3253 60
3218 60
3149 60
3146 60
3140 60
3139 60
3126 60
3109 60
3079 60
3074 60
3055 60
2990 60
2981 60
2959 60
2928 60
2910 60
2891 60
2874 60
2872 60
2811 60
2784 60
2704 60
2702 60
2694 60
2629 60
2618 60
2616 60
2549 60
2502 60
2479 60
2476 60
2438 60
2338 60
2171 60
4169 61
3879 61
3857 61
3742 61
3707 61
3611 61
3591 61
3507 61
3503 61
3425 61
3423 61
3418 61
3396 61
3389 61
3375 61
3374 61
3358 61
3317 61
3293 61
3284 61
3281 61
3257 61
3243 61
3216 61
3207 61
3168 61
3124 61
3119 61
3111 61
3097 61
3093 61
3091 61
3082 61
3077 61
3017 61
3011 61
2991 61
2968 61
2908 61
2876 61
2802 61
2726 61
2682 61
2595 61
2570 61
2499 61
2498 61
2461 61
2363 61
2292 61
2214 61
3977 62
3928 62
3817 62
3784 62
3715 62
3633 62
3616 62
3569 62
3563 62
3553 62
3543 62
3477 62
3424 62
3383 62
3325 62
3300 62
3258 62
3217 62
3210 62
3196 62
3184 62
3178 62
3141 62
3138 62
3100 62
3094 62
3076 62
2996 62
2986 62
2969 62
2961 62
2948 62
2936 62
2926 62
2918 62
2898 62
2893 62
2884 62
2843 62
2837 62
2819 62
2804 62
2793 62
2755 62
2750 62
2735 62
2717 62
2706 62
2701 62
2698 62
2631 62
2354 62
4262 63
4070 63
4069 63
4008 63
3961 63
3831 63
3796 63
3776 63
3770 63
3721 63
3719 63
3706 63
3655 63
3588 63
3520 63
3514 63
3443 63
3439 63
3434 63
3378 63
3323 63
3306 63
3297 63
3295 63
3273 63
3239 63
3214 63
3208 63
3198 63
3181 63
3175 63
3099 63
3085 63
3072 63
3067 63
3060 63
3059 63
3035 63
3012 63
3010 63
2977 63
2933 63
2890 63
2882 63
2850 63
2772 63
2718 63
2666 63
2664 63
2617 63
2613 63
2573 63
2564 63
2505 63
2412 63
2358 63
2309 63
4543 64
4457 64
4295 64
3729 64
3584 64
3544 64
3515 64
3452 64
3445 64
3444 64
3431 64
3420 64
3384 64
3373 64
3367 64
3363 64
3343 64
3338 64
3304 64
3303 64
3294 64
3267 64
3264 64
3254 64
3237 64
3232 64
3193 64
3162 64
3144 64
3137 64
3135 64
3105 64
3081 64
3049 64
3039 64
3032 64
3014 64
2942 64
2759 64
2692 64
2607 64
2566 64
2493 64
1927 64
4467 65
4223 65
4173 65
3899 65
3849 65
3847 65
3810 65
3693 65
3666 65
3663 65
3593 65
3493 65
3474 65
3473 65
3401 65
3376 65
3313 65
3292 65
3242 65
3236 65
3194 65
3185 65
3170 65
3163 65
3064 65
3045 65
3004 65
2997 65
2931 65
2919 65
2911 65
2888 65
2867 65
2844 65
2831 65
2779 65
2766 65
2745 65
2653 65
2621 65
2322 65
4250 66
4038 66
3986 66
3979 66
3948 66
3937 66
3907 66
3868 66
3803 66
3783 66
3702 66
3667 66
3620 66
3617 66
3578 66
3478 66
3442 66
3438 66
3406 66
3398 66
3387 66
3372 66
3371 66
3354 66
3326 66
3302 66
3296 66
3287 66
3286 66
3215 66
3102 66
3098 66
3084 66
3083 66
3070 66
3057 66
3018 66
2988 66
2966 66
2946 66
2940 66
2901 66
2873 66
2824 66
2760 66
2465 66
4366 67
4093 67
3938 67
3809 67
3807 67
3795 67
3790 67
3766 67
3760 67
3727 67
3718 67
3713 67
3691 67
3638 67
3630 67
3600 67
3524 67
3470 67
3467 67
3437 67
3410 67
3408 67
3407 67
3350 67
3311 67
3265 67
3244 67
3228 67
3213 67
3203 67
3186 67
3171 67
3153 67
3145 67
3134 67
3096 67
3075 67
3061 67
3052 67
3042 67
3033 67
2994 67
2975 67
2952 67
2927 67
2914 67
2838 67
2826 67
2808 67
2710 67
2640 67
2424 67
4641 68
4601 68
4397 68
4253 68
4156 68
4108 68
3990 68
3967 68
3769 68
3743 68
3740 68
3703 68
3686 68
3662 68
3644 68
3628 68
3608 68
3586 68
3571 68
3516 68
3511 68
3509 68
3479 68
3469 68
3466 68
3429 68
3399 68
3395 68
3392 68
3386 68
3381 68
3369 68
3368 68
3356 68
3352 68
3345 68
3336 68
3334 68
3331 68
3320 68
3312 68
3309 68
3299 68
3285 68
3278 68
3270 68
3241 68
3227 68
3205 68
3204 68
3190 68
3159 68
3132 68
3128 68
3127 68
3086 68
3065 68
3034 68
3029 68
3006 68
2992 68
2950 68
2922 68
2866 68
2719 68
2681 68
2311 68
4616 69
4494 69
4241 69
4229 69
4141 69
4125 69
4067 69
4009 69
4006 69
3959 69
3947 69
3903 69
3898 69
3880 69
3874 69
3813 69
3714 69
3704 69
3683 69
3680 69
3670 69
3656 69
3594 69
3580 69
3564 69
3554 69
3523 69
3519 69
3492 69
3489 69
3448 69
3419 69
3415 69
3335 69
3329 69
3310 69
3280 69
3261 69
3222 69
3187 69
3156 69
3129 69
3117 69
3027 69
3016 69
2944 69
4712 70
4480 70
4376 70
4345 70
4322 70
4191 70
4180 70
4155 70
4087 70
4081 70
4032 70
4019 70
4014 70
3989 70
3968 70
3954 70
3935 70
3891 70
3882 70
3833 70
3805 70
3761 70
3758 70
3757 70
3753 70
3722 70
3700 70
3698 70
3681 70
3675 70
3665 70
3660 70
3635 70
3634 70
3562 70
3552 70
3517 70
3472 70
3464 70
3456 70
3436 70
3412 70
3393 70
3382 70
3346 70
3339 70
3315 70
3224 70
3155 70
3142 70
3131 70
3088 70
3026 70
2897 70
2821 70
4469 71
4341 71
4324 71
4231 71
4206 71
4162 71
4107 71
4061 71
4047 71
4004 71
3964 71
3933 71
3927 71
3887 71
3823 71
3771 71
3759 71
3748 71
3648 71
3597 71
3574 71
3560 71
3521 71
3508 71
3506 71
3496 71
3495 71
3476 71
3449 71
3391 71
3385 71
3366 71
3362 71
3355 71
3351 71
3307 71
3238 71
3172 71
3158 71
3114 71
3108 71
3107 71
3036 71
2993 71
2943 71
2861 71
4816 72
4481 72
4378 72
4215 72
4140 72
4099 72
4076 72
4064 72
3993 72
3974 72
3924 72
3816 72
3781 72
3763 72
3732 72
3720 72
3712 72
3694 72
3689 72
3629 72
3587 72
3557 72
3534 72
3491 72
3480 72
3432 72
3416 72
3400 72
3380 72
3359 72
3308 72
3271 72
3255 72
3209 72
3183 72
3182 72
3143 72
3062 72
3054 72
2840 72
2825 72
4950 73
4589 73
4339 73
4306 73
4281 73
4272 73
4258 73
4221 73
4192 73
4143 73
4096 73
4075 73
3934 73
3926 73
3914 73
3912 73
3900 73
3894 73
3884 73
3858 73
3747 73
3723 73
3658 73
3657 73
3642 73
3641 73
3602 73
3589 73
3576 73
3567 73
3561 73
3550 73
3549 73
3542 73
3502 73
3498 73
3440 73
3422 73
3341 73
3321 73
3316 73
3235 73
3195 73
2967 73
2768 73
2563 73
4757 74
4613 74
4512 74
4510 74
4421 74
4399 74
4305 74
4289 74
4196 74
4150 74
4122 74
4077 74
4029 74
4012 74
4001 74
3992 74
3976 74
3893 74
3853 74
3824 74
3802 74
3793 74
3786 74
3782 74
3697 74
3690 74
3605 74
3530 74
3500 74
3487 74
3461 74
3447 74
3433 74
3430 74
3353 74
3333 74
3322 74
3305 74
3256 74
3191 74
3160 74
3068 74
4771 75
4309 75
4224 75
4113 75
4084 75
4072 75
4058 75
3982 75
3953 75
3918 75
3915 75
3905 75
3873 75
3870 75
3862 75
3848 75
3843 75
3834 75
3815 75
3799 75
3762 75
3746 75
3739 75
3736 75
3661 75
3659 75
3632 75
3622 75
3598 75
3590 75
3541 75
3537 75
3531 75
3527 75
3482 75
3458 75
3414 75
3405 75
3360 75
3327 75
3324 75
3246 75
3211 75
3133 75
3037 75
2983 75
5250 76
5081 76
4941 76
4940 76
4594 76
4506 76
4488 76
4455 76
4407 76
4370 76
4368 76
4225 76
4220 76
4179 76
4177 76
4154 76
4151 76
4049 76
4020 76
4003 76
3963 76
3957 76
3923 76
3911 76
3890 76
3867 76
3860 76
3838 76
3818 76
3792 76
3791 76
3768 76
3764 76
3684 76
3682 76
3673 76
3653 76
3640 76
3619 76
3607 76
3596 76
3555 76
3533 76
3364 76
3277 76
3249 76
3226 76
3031 76
2934 76
2889 76
4794 77
4782 77
4730 77
4436 77
4424 77
4377 77
4365 77
4244 77
4242 77
4230 77
4228 77
4205 77
4204 77
4195 77
4178 77
4149 77
4115 77
4111 77
4039 77
4033 77
4030 77
4026 77
4010 77
3958 77
3955 77
3949 77
3944 77
3930 77
3859 77
3841 77
3830 77
3730 77
3688 77
3685 77
3678 77
3669 77
3668 77
3647 77
3618 77
3615 77
3599 77
3583 77
3568 77
3518 77
3488 77
3481 77
3435 77
3428 77
3357 77
3330 77
3167 77
2925 77
5235 78
4697 78
4632 78
4558 78
4537 78
4498 78
4373 78
4352 78
4328 78
4303 78
4254 78
4213 78
4202 78
4163 78
4161 78
4160 78
4138 78
4052 78
4027 78
4018 78
3978 78
3922 78
3865 78
3863 78
3835 78
3779 78
3777 78
3773 78
3741 78
3725 78
3709 78
3705 78
3639 78
3604 78
3501 78
3459 78
3417 78
3344 78
3340 78
3319 78
3276 78
3274 78
3268 78
3259 78
3225 78
4763 79
4617 79
4357 79
4330 79
4319 79
4317 79
4293 79
4211 79
4209 79
4167 79
4120 79
4112 79
4109 79
4103 79
4101 79
4092 79
4011 79
4002 79
3984 79
3981 79
3951 79
3943 79
3904 79
3896 79
3892 79
3878 79
3861 79
3842 79
3822 79
3806 79
3804 79
3735 79
3695 79
3679 79
3672 79
3671 79
3631 79
3572 79
3556 79
3551 79
3547 79
3536 79
3526 79
3485 79
3460 79
3404 79
2905 79
5122 80
4993 80
4942 80
4775 80
4633 80
4620 80
4559 80
4434 80
4426 80
4408 80
4393 80
4362 80
4342 80
4315 80
4283 80
4277 80
4274 80
4273 80
4238 80
4194 80
4164 80
4144 80
4136 80
4135 80
4118 80
4098 80
4066 80
4054 80
4000 80
3996 80
3932 80
3931 80
3901 80
3883 80
3850 80
3811 80
3800 80
3798 80
3788 80
3775 80
3756 80
3733 80
3676 80
3651 80
3610 80
3570 80
3565 80
3525 80
3512 80
3510 80
3499 80
3486 80
3427 80
3379 80
3332 80
3283 80
3266 80
3245 80
5011 81
4892 81
4818 81
4778 81
4656 81
4622 81
4550 81
4448 81
4443 81
4430 81
4394 81
4353 81
4266 81
4265 81
4263 81
4240 81
4219 81
4217 81
4203 81
4172 81
4158 81
4137 81
4131 81
4110 81
4078 81
4057 81
4051 81
4040 81
4025 81
4024 81
4007 81
3956 81
3895 81
3885 81
3864 81
3785 81
3778 81
3677 81
3674 81
3646 81
3623 81
3621 81
3613 81
3603 81
3535 81
3475 81
3457 81
3441 81
3348 81
3223 81
3189 81
3121 81
4994 82
4936 82
4843 82
4736 82
4699 82
4637 82
4628 82
4618 82
4603 82
4547 82
4509 82
4482 82
4479 82
4477 82
4453 82
4438 82
4423 82
4416 82
4415 82
4325 82
4287 82
4276 82
4232 82
4190 82
4189 82
4184 82
4124 82
4089 82
4079 82
4073 82
4056 82
4053 82
4045 82
4034 82
4028 82
3980 82
3939 82
3902 82
3888 82
3875 82
3856 82
3844 82
3734 82
3701 82
3692 82
3614 82
3483 82
4964 83
4791 83
4677 83
4670 83
4591 83
4542 83
4520 83
4473 83
4431 83
4417 83
4410 83
4374 83
4327 83
4302 83
4301 83
4298 83
4285 83
4275 83
4251 83
4247 83
4246 83
4210 83
4208 83
4175 83
4159 83
4148 83
4117 83
4097 83
4088 83
4050 83
4046 83
4041 83
4037 83
4022 83
3952 83
3913 83
3866 83
3846 83
3839 83
3767 83
3731 83
3716 83
3649 83
3626 83
3612 83
3609 83
3582 83
3581 83
3538 83
3529 83
3497 83
3471 83
3413 83
3409 83
3272 83
3229 83
3103 83
5593 84
5395 84
5357 84
5191 84
5115 84
5039 84
4833 84
4799 84
4743 84
4707 84
4649 84
4634 84
4615 84
4590 84
4554 84
4551 84
4539 84
4522 84
4521 84
4502 84
4493 84
4435 84
4409 84
4389 84
4387 84
4375 84
4338 84
4336 84
4312 84
4299 84
4296 84
4252 84
4234 84
4182 84
4168 84
4042 84
4036 84
4021 84
3995 84
3985 84
3917 84
3916 84
3829 84
3826 84
3808 84
3749 84
3738 84
3687 84
3650 84
3645 84
3643 84
3637 84
3546 84
3528 84
3490 84
3463 84
5288 85
4937 85
4931 85
4883 85
4868 85
4783 85
4756 85
4612 85
4602 85
4566 85
4548 85
4534 85
4515 85
4449 85
4419 85
4411 85
4349 85
4307 85
4304 85
4226 85
4212 85
4207 85
4200 85
4199 85
4193 85
4183 85
4147 85
4129 85
4121 85
4086 85
4083 85
4013 85
3970 85
3921 85
3852 85
3827 85
3737 85
3696 85
3585 85
3545 85
5074 86
5029 86
4974 86
4972 86
4969 86
4918 86
4789 86
4776 86
4678 86
4665 86
4597 86
4579 86
4564 86
4531 86
4527 86
4478 86
4474 86
4460 86
4451 86
4441 86
4433 86
4425 86
4385 86
4369 86
4321 86
4249 86
4126 86
4080 86
4055 86
4044 86
4043 86
3991 86
3988 86
3987 86
3972 86
3886 86
3881 86
3877 86
3845 86
3837 86
3819 86
3797 86
3789 86
3780 86
3752 86
3751 86
3710 86
3636 86
3601 86
3453 86
3301 86
5508 87
5330 87
5278 87
5086 87
5076 87
5068 87
5015 87
4998 87
4923 87
4865 87
4853 87
4836 87
4824 87
4801 87
4780 87
4745 87
4708 87
4690 87
4640 87
4629 87
4626 87
4611 87
4580 87
4577 87
4569 87
4526 87
4508 87
4501 87
4499 87
4490 87
4401 87
4372 87
4348 87
4332 87
4313 87
4297 87
4286 87
4214 87
4153 87
4102 87
4095 87
4085 87
4063 87
4017 87
4016 87
3942 87
3906 87
3708 87
3558 87
5377 88
5322 88
5256 88
5201 88
5154 88
5110 88
5016 88
4965 88
4959 88
4828 88
4807 88
4764 88
4733 88
4726 88
4687 88
4672 88
4651 88
4638 88
4574 88
4572 88
4570 88
4532 88
4524 88
4519 88
4514 88
4503 88
4489 88
4486 88
4464 88
4463 88
4386 88
4379 88
4280 88
4257 88
4243 88
4181 88
4116 88
4074 88
4068 88
4060 88
3994 88
3971 88
3969 88
3962 88
3929 88
3836 88
3774 88
3624 88
3566 88
3252 88
5922 89
5618 89
5569 89
5538 89
5361 89
5195 89
5140 89
5119 89
5098 89
5010 89
4990 89
4928 89
4884 89
4779 89
4761 89
4742 89
4725 89
4666 89
4655 89
4650 89
4639 89
4630 89
4619 89
4598 89
4593 89
4552 89
4540 89
4476 89
4470 89
4465 89
4432 89
4422 89
4382 89
4360 89
4347 89
4294 89
4290 89
4235 89
4187 89
4171 89
4165 89
3983 89
3897 89
3872 89
3855 89
3820 89
3787 89
3711 89
3279 89
5880 90
5752 90
5234 90
5182 90
5130 90
5129 90
5087 90
5052 90
5047 90
5024 90
4819 90
4717 90
4709 90
4696 90
4689 90
4680 90
4668 90
4662 90
4658 90
4645 90
4644 90
4643 90
4608 90
4586 90
4529 90
4528 90
4496 90
4445 90
4404 90
4380 90
4346 90
4318 90
4314 90
4279 90
4133 90
4132 90
4105 90
4100 90
4048 90
4015 90
4005 90
3909 90
3851 90
3840 90
3812 90
3794 90
3717 90
3627 90
3625 90
3579 90
5838 91
5630 91
5535 91
5533 91
5469 91
5446 91
5383 91
5317 91
5233 91
5176 91
5125 91
5069 91
5037 91
5025 91
4976 91
4934 91
4882 91
4878 91
4872 91
4806 91
4802 91
4753 91
4744 91
4732 91
4657 91
4642 91
4605 91
4599 91
4556 91
4492 91
4429 91
4400 91
4358 91
4351 91
4350 91
4344 91
4334 91
4333 91
4316 91
4310 91
4282 91
4278 91
4271 91
4188 91
4170 91
4094 91
4082 91
3960 91
3940 91
3925 91
3919 91
3871 91
3821 91
3765 91
3390 91
5676 92
5638 92
5607 92
5401 92
5323 92
5257 92
5210 92
5206 92
5109 92
4962 92
4914 92
4909 92
4898 92
4856 92
4852 92
4841 92
4830 92
4793 92
4735 92
4724 92
4648 92
4546 92
4535 92
4504 92
4487 92
4471 92
4462 92
4413 92
4359 92
4300 92
4284 92
4259 92
4245 92
4222 92
4166 92
4157 92
4145 92
4119 92
3755 92
3754 92
5731 93
5430 93
5379 93
5369 93
5362 93
5307 93
5301 93
5286 93
5262 93
5260 93
5147 93
5132 93
5095 93
5071 93
5065 93
5018 93
5014 93
4975 93
4973 93
4961 93
4949 93
4943 93
4929 93
4911 93
4871 93
4800 93
4721 93
4675 93
4674 93
4621 93
4592 93
4588 93
4576 93
4565 93
4544 93
4536 93
4523 93
4517 93
4500 93
4461 93
4454 93
4418 93
4396 93
4371 93
4343 93
4270 93
4267 93
4218 93
4152 93
4139 93
4134 93
4090 93
3997 93
3973 93
3966 93
3908 93
3606 93
3592 93
3513 93
5970 94
5803 94
5721 94
5498 94
5471 94
5460 94
5431 94
5392 94
5243 94
5226 94
5198 94
5189 94
5179 94
5131 94
5084 94
5044 94
4996 94
4952 94
4900 94
4886 94
4877 94
4861 94
4822 94
4814 94
4727 94
4704 94
4664 94
4663 94
4635 94
4568 94
4562 94
4475 94
4444 94
4427 94
4390 94
4356 94
4331 94
4326 94
4320 94
4268 94
4227 94
4201 94
4130 94
4091 94
4059 94
3950 94
3941 94
3889 94
3828 94
3577 94
6113 95
5978 95
5532 95
5435 95
5405 95
5251 95
5222 95
5100 95
5088 95
5080 95
5051 95
4967 95
4960 95
4954 95
4948 95
4887 95
4834 95
4832 95
4788 95
4774 95
4773 95
4653 95
4624 95
4583 95
4571 95
4555 95
4518 95
4447 95
4442 95
4383 95
4364 95
4355 95
4354 95
4269 95
4198 95
4174 95
4071 95
4062 95
3998 95
3876 95
6168 96
5943 96
5892 96
5856 96
5773 96
5685 96
5663 96
5644 96
5582 96
5462 96
5411 96
5396 96
5386 96
5205 96
5197 96
5153 96
5127 96
5097 96
5020 96
5007 96
5001 96
4926 96
4919 96
4912 96
4906 96
4901 96
4890 96
4874 96
4866 96
4860 96
4857 96
4845 96
4796 96
4781 96
4759 96
4751 96
4713 96
4700 96
4669 96
4661 96
4623 96
4567 96
4530 96
4511 96
4505 96
4452 96
4388 96
4384 96
4292 96
4291 96
4237 96
4185 96
4142 96
4127 96
4065 96
3936 96
3744 96
6052 97
6017 97
5860 97
5722 97
5499 97
5304 97
5281 97
5259 97
5216 97
5190 97
5164 97
5142 97
5138 97
5077 97
5072 97
5054 97
5012 97
4991 97
4980 97
4963 97
4916 97
4839 97
4829 97
4803 97
4798 97
4786 97
4766 97
4749 97
4660 97
4609 97
4606 97
4585 97
4581 97
4420 97
4256 97
4255 97
4236 97
4176 97
3910 97
5984 98
5875 98
5859 98
5716 98
5706 98
5693 98
5642 98
5556 98
5516 98
5483 98
5454 98
5437 98
5344 98
5337 98
5328 98
5217 98
5175 98
5033 98
5027 98
4999 98
4977 98
4971 98
4944 98
4939 98
4905 98
4902 98
4896 98
4888 98
4862 98
4846 98
4831 98
4823 98
4808 98
4797 98
4760 98
4750 98
4738 98
4702 98
4671 98
4659 98
4604 98
4578 98
4575 98
4573 98
4541 98
4533 98
4495 98
4459 98
4412 98
4406 98
4403 98
4367 98
4363 98
4340 98
4261 98
4123 98
4031 98
3946 98
5899 99
5843 99
5798 99
5611 99
5525 99
5402 99
5335 99
5261 99
5169 99
5163 99
5145 99
5004 99
4982 99
4955 99
4922 99
4903 99
4897 99
4879 99
4870 99
4847 99
4842 99
4838 99
4821 99
4817 99
4795 99
4792 99
4747 99
4718 99
4711 99
4693 99
4692 99
4685 99
4676 99
4652 99
4627 99
4610 99
4560 99
4525 99
4507 99
4497 99
4391 99
4311 99
4288 99
4264 99
4260 99
4146 99
4128 99
4104 99
6072 100
5881 100
5845 100
5712 100
5633 100
5627 100
5594 100
5537 100
5520 100
5455 100
5360 100
5228 100
5227 100
5218 100
5213 100
5194 100
5161 100
5134 100
5104 100
5053 100
4989 100
4984 100
4957 100
4921 100
4920 100
4917 100
4913 100
4848 100
4813 100
4767 100
4734 100
4719 100
4716 100
4703 100
4636 100
4625 100
4587 100
4485 100
4484 100
4468 100
4466 100
4392 100
4335 100
4248 100
4035 100
6031 101
5840 101
5795 101
5794 101
5791 101
5733 101
5684 101
5673 101
5641 101
5551 101
5407 101
5399 101
5391 101
5380 101
5348 101
5336 101
5319 101
5311 101
5308 101
5255 101
5253 101
5230 101
5212 101
5202 101
5180 101
5150 101
5139 101
5043 101
5017 101
4992 101
4938 101
4854 101
4850 101
4840 101
4826 101
4815 101
4784 101
4768 101
4722 101
4710 101
4691 101
4682 101
4614 101
4491 101
4450 101
4446 101
4439 101
4398 101
4216 101
3920 101
3814 101
6266 102
6224 102
6027 102
5952 102
5927 102
5909 102
5898 102
5861 102
5824 102
5819 102
5701 102
5678 102
5575 102
5552 102
5546 102
5543 102
5539 102
5515 102
5513 102
5496 102
5495 102
5479 102
5456 102
5433 102
5375 102
5359 102
5332 102
5324 102
5306 102
5305 102
5297 102
5263 102
5200 102
5167 102
5114 102
5105 102
5090 102
5040 102
5002 102
5000 102
4988 102
4983 102
4958 102
4893 102
4869 102
4859 102
4855 102
4787 102
4769 102
4762 102
4705 102
4694 102
4654 102
4631 102
4561 102
4545 102
4516 102
4456 102
4402 102
4361 102
4308 102
4186 102
6544 103
6255 103
6029 103
5967 103
5939 103
5890 103
5829 103
5756 103
5710 103
5620 103
5599 103
5559 103
5541 103
5482 103
5476 103
5458 103
5426 103
5355 103
5310 103
5302 103
5244 103
5240 103
5221 103
5186 103
5171 103
5156 103
5149 103
5113 103
5083 103
5082 103
5057 103
5046 103
5042 103
5036 103
5022 103
5008 103
4970 103
4968 103
4910 103
4875 103
4837 103
4820 103
4810 103
4809 103
4770 103
4754 103
4723 103
4600 103
4584 103
4582 103
4513 103
4428 103
3999 103
3724 103
6866 104
6162 104
6055 104
6013 104
5957 104
5942 104
5854 104
5771 104
5702 104
5688 104
5670 104
5664 104
5661 104
5619 104
5610 104
5555 104
5544 104
5536 104
5511 104
5490 104
5487 104
5439 104
5434 104
5403 104
5400 104
5241 104
5159 104
5146 104
5121 104
5116 104
5099 104
5096 104
5092 104
5041 104
5026 104
4966 104
4894 104
4891 104
4885 104
4864 104
4863 104
4812 104
4805 104
4596 104
4538 104
4437 104
4395 104
4329 104
4233 104
4114 104
4023 104
6578 105
6180 105
6152 105
6092 105
6043 105
5997 105
5965 105
5878 105
5877 105
5764 105
5727 105
5714 105
5704 105
5671 105
5654 105
5634 105
5600 105
5581 105
5576 105
5514 105
5472 105
5461 105
5427 105
5385 105
5354 105
5314 105
5277 105
5276 105
5271 105
5252 105
5239 105
5188 105
5144 105
5103 105
5062 105
5060 105
5058 105
5056 105
4947 105
4827 105
4740 105
4739 105
4731 105
4714 105
4686 105
4681 105
4679 105
4595 105
4563 105
4472 105
4239 105
3750 105
7003 106
6558 106
6428 106
6194 106
6181 106
6116 106
5925 106
5865 106
5850 106
5835 106
5823 106
5785 106
5728 106
5723 106
5719 106
5686 106
5640 106
5614 106
5578 106
5574 106
5572 106
5568 106
5540 106
5491 106
5480 106
5478 106
5473 106
5467 106
5442 106
5422 106
5420 106
5418 106
5404 106
5376 106
5365 106
5346 106
5309 106
5295 106
5294 106
5290 106
5275 106
5272 106
5267 106
5265 106
5264 106
5181 106
5177 106
5174 106
5093 106
5078 106
5075 106
5066 106
5050 106
5048 106
5031 106
5019 106
5005 106
4981 106
4951 106
4945 106
4927 106
4925 106
4889 106
4851 106
4804 106
4785 106
4715 106
4483 106
4458 106
4405 106
4106 106
6225 107
6158 107
6130 107
6007 107
5912 107
5891 107
5862 107
5833 107
5818 107
5749 107
5732 107
5715 107
5694 107
5683 107
5637 107
5622 107
5564 107
5549 107
5531 107
5526 107
5410 107
5398 107
5351 107
5320 107
5313 107
5296 107
5292 107
5285 107
5284 107
5185 107
5143 107
5135 107
5123 107
5063 107
5055 107
5049 107
5030 107
4979 107
4935 107
4899 107
4867 107
4825 107
4752 107
4728 107
4695 107
4683 107
4667 107
4607 107
4197 107
6939 108
6354 108
6310 108
6239 108
6233 108
6175 108
6117 108
6073 108
6002 108
5998 108
5980 108
5964 108
5946 108
5872 108
5817 108
5766 108
5740 108
5738 108
5653 108
5645 108
5632 108
5617 108
5573 108
5566 108
5561 108
5509 108
5463 108
5445 108
5397 108
5378 108
5367 108
5364 108
5347 108
5326 108
5315 108
5246 108
5237 108
5158 108
5157 108
5133 108
5107 108
5070 108
5059 108
4876 108
4858 108
4849 108
4844 108
4811 108
4772 108
4440 108
4337 108
7125 109
6881 109
6650 109
6453 109
6269 109
6075 109
6008 109
5962 109
5851 109
5844 109
5792 109
5790 109
5777 109
5755 109
5730 109
5720 109
5677 109
5624 109
5492 109
5447 109
5436 109
5432 109
5424 109
5342 109
5327 109
5282 109
5248 109
5245 109
5214 109
5204 109
5187 109
5151 109
5126 109
5117 109
4987 109
4956 109
4729 109
4646 109
4323 109
6475 110
6404 110
6363 110
6173 110
6154 110
6129 110
6016 110
6001 110
5924 110
5917 110
5873 110
5828 110
5807 110
5804 110
5793 110
5757 110
5643 110
5529 110
5522 110
5512 110
5486 110
5481 110
5474 110
5459 110
5417 110
5412 110
5408 110
5384 110
5381 110
5333 110
5303 110
5258 110
5102 110
5091 110
5079 110
5021 110
4985 110
4881 110
4777 110
4741 110
4737 110
7173 111
6809 111
6520 111
6379 111
6327 111
6306 111
6293 111
6213 111
6190 111
6161 111
6105 111
6088 111
6035 111
6022 111
5960 111
5913 111
5901 111
5869 111
5799 111
5760 111
5718 111
5695 111
5679 111
5625 111
5587 111
5553 111
5534 111
5521 111
5497 111
5489 111
5464 111
5443 111
5425 111
5421 111
5406 111
5394 111
5390 111
5358 111
5356 111
5339 111
5334 111
5325 111
5321 111
5283 111
5231 111
5225 111
5223 111
5211 111
5208 111
5184 111
5183 111
5170 111
5152 111
5137 111
5013 111
4995 111
4953 111
4932 111
4924 111
4904 111
4790 111
4755 111
4701 111
4684 111
4553 111
7428 112
6810 112
6622 112
6535 112
6487 112
6426 112
6403 112
6359 112
6302 112
6271 112
6265 112
6150 112
6140 112
6126 112
6067 112
6044 112
6041 112
6009 112
5983 112
5949 112
5931 112
5929 112
5832 112
5821 112
5801 112
5768 112
5751 112
5743 112
5734 112
5711 112
5500 112
5453 112
5393 112
5388 112
5371 112
5299 112
5287 112
5270 112
5266 112
5209 112
5203 112
5199 112
5160 112
5108 112
5101 112
5038 112
4997 112
4946 112
4748 112
4647 112
4381 112
6441 113
6321 113
6285 113
6214 113
6165 113
6112 113
6097 113
6080 113
6059 113
5995 113
5969 113
5936 113
5894 113
5842 113
5830 113
5815 113
5802 113
5800 113
5787 113
5747 113
5672 113
5660 113
5659 113
5657 113
5530 113
5389 113
5363 113
5349 113
5312 113
5298 113
5229 113
5178 113
5165 113
5085 113
5035 113
5009 113
4873 113
4746 113
7174 114
6887 114
6648 114
6647 114
6444 114
6410 114
6402 114
6324 114
6264 114
6254 114
6222 114
6219 114
6132 114
6090 114
6081 114
6071 114
6040 114
6028 114
5905 114
5886 114
5870 114
5848 114
5811 114
5788 114
5782 114
5709 114
5666 114
5655 114
5626 114
5550 114
5413 114
5387 114
5368 114
5350 114
5238 114
5220 114
5193 114
5118 114
5032 114
4986 114
4908 114
4907 114
4835 114
4765 114
4720 114
4557 114
7246 115
6904 115
6903 115
6874 115
6752 115
6697 115
6583 115
6573 115
6458 115
6413 115
6398 115
6384 115
6342 115
6325 115
6308 115
6245 115
6136 115
6076 115
6049 115
5958 115
5930 115
5921 115
5911 115
5887 115
5866 115
5852 115
5841 115
5831 115
5796 115
5783 115
5778 115
5750 115
5736 115
5726 115
5696 115
5682 115
5656 115
5629 115
5616 115
5615 115
5608 115
5601 115
5597 115
5519 115
5451 115
5440 115
5331 115
5316 115
5247 115
5172 115
5166 115
5155 115
5064 115
5061 115
5045 115
5006 115
4895 115
4880 115
4698 115
4688 115
7255 116
6599 116
6589 116
6407 116
6388 116
6370 116
6268 116
6260 116
6208 116
6144 116
6134 116
6082 116
5994 116
5979 116
5971 116
5944 116
5941 116
5926 116
5871 116
5839 116
5825 116
5822 116
5814 116
5748 116
5742 116
5724 116
5703 116
5692 116
5567 116
5545 116
5501 116
5452 116
5449 116
5423 116
5382 116
5224 116
4414 116
7436 117
6938 117
6855 117
6653 117
6632 117
6606 117
6604 117
6448 117
6368 117
6312 117
6311 117
6287 117
6283 117
6192 117
6185 117
6145 117
6128 117
6102 117
6101 117
6094 117
6093 117
6078 117
6070 117
6065 117
5953 117
5945 117
5895 117
5882 117
5874 117
5809 117
5746 117
5737 117
5707 117
5675 117
5609 117
5590 117
5588 117
5570 117
5528 117
5524 117
5507 117
5505 117
5485 117
5466 117
5429 117
5373 117
5370 117
5352 117
5343 117
5340 117
5338 117
5280 117
5274 117
5269 117
5254 117
5141 117
5111 117
5089 117
5034 117
5023 117
4549 117
7421 118
7107 118
6884 118
6750 118
6733 118
6721 118
6670 118
6642 118
6540 118
6489 118
6447 118
6250 118
6207 118
6200 118
6176 118
6100 118
6099 118
6091 118
6086 118
6051 118
6000 118
5999 118
5992 118
5976 118
5956 118
5919 118
5915 118
5906 118
5902 118
5883 118
5863 118
5855 118
5776 118
5758 118
5708 118
5700 118
5697 118
5595 118
5591 118
5584 118
5571 118
5547 118
5468 118
5465 118
5444 118
5441 118
5329 118
5300 118
5289 118
5249 118
5073 118
4933 118
7415 119
7119 119
6921 119
6840 119
6814 119
6739 119
6687 119
6671 119
6570 119
6484 119
6478 119
6442 119
6394 119
6323 119
6295 119
6174 119
6146 119
6121 119
6106 119
6085 119
6074 119
6024 119
6021 119
5996 119
5955 119
5920 119
5910 119
5908 119
5888 119
5808 119
5759 119
5745 119
5735 119
5725 119
5705 119
5623 119
5605 119
5557 119
5548 119
5438 119
5291 119
5273 119
5196 119
5168 119
5124 119
5003 119
4673 119
7712 120
7587 120
7207 120
7072 120
6764 120
6682 120
6663 120
6658 120
6582 120
6560 120
6542 120
6534 120
6511 120
6506 120
6481 120
6425 120
6340 120
6286 120
6171 120
6005 120
5990 120
5959 120
5889 120
5810 120
5744 120
5698 120
5691 120
5667 120
5665 120
5612 120
5596 120
5510 120
5494 120
5341 120
5232 120
5128 120
4978 120
4915 120
7636 121
7030 121
6965 121
6955 121
6936 121
6923 121
6868 121
6820 121
6659 121
6588 121
6581 121
6495 121
6431 121
6430 121
6401 121
6344 121
6318 121
6305 121
6297 121
6263 121
6242 121
6210 121
6068 121
6038 121
6025 121
5989 121
5987 121
5986 121
5961 121
5948 121
5876 121
5762 121
5651 121
5562 121
5517 121
5236 121
5215 121
5028 121
4758 121
7632 122
7213 122
7045 122
6993 122
6891 122
6826 122
6789 122
6787 122
6652 122
6579 122
6556 122
6552 122
6547 122
6546 122
6456 122
6440 122
6383 122
6378 122
6375 122
6365 122
6349 122
6330 122
6328 122
6313 122
6290 122
6241 122
6166 122
6119 122
6095 122
6064 122
6037 122
6015 122
5968 122
5933 122
5897 122
5885 122
5867 122
5826 122
5674 122
5658 122
5606 122
5565 122
5554 122
5527 122
5493 122
5279 122
5207 122
5162 122
7222 123
7195 123
7033 123
7031 123
6906 123
6735 123
6669 123
6639 123
6619 123
6587 123
6555 123
6513 123
6492 123
6470 123
6452 123
6429 123
6421 123
6420 123
6397 123
6380 123
6315 123
6252 123
6238 123
6232 123
6212 123
6182 123
6153 123
6147 123
6125 123
6057 123
6054 123
6012 123
5977 123
5975 123
5966 123
5903 123
5893 123
5827 123
5820 123
5681 123
5650 123
5628 123
5621 123
5592 123
5563 123
5560 123
5414 123
5409 123
5374 123
5293 123
5136 123
7139 124
7083 124
7025 124
7005 124
6909 124
6900 124
6876 124
6812 124
6782 124
6758 124
6753 124
6749 124
6740 124
6616 124
6612 124
6574 124
6518 124
6449 124
6400 124
6350 124
6326 124
6322 124
6281 124
6272 124
6248 124
6246 124
6240 124
6234 124
6223 124
6201 124
6199 124
6170 124
6127 124
6120 124
6087 124
6033 124
5993 124
5974 124
5954 124
5947 124
5935 124
5934 124
5813 124
5739 124
5646 124
5631 124
5603 124
5586 124
5583 124
5580 124
5504 124
5475 124
5457 124
5450 124
5192 124
8222 125
7927 125
7681 125
7476 125
7317 125
7102 125
7082 125
7068 125
6852 125
6637 125
6592 125
6563 125
6537 125
6512 125
6476 125
6471 125
6451 125
6417 125
6405 125
6395 125
6335 125
6309 125
6301 125
6291 125
6217 125
6206 125
6123 125
6079 125
6058 125
6048 125
6039 125
6023 125
6018 125
6014 125
6011 125
5951 125
5937 125
5904 125
5884 125
5786 125
5784 125
5772 125
5668 125
5652 125
5636 125
5602 125
5585 125
5579 125
5419 125
5353 125
5112 125
5106 125
4930 125
7857 126
7547 126
7460 126
7344 126
7314 126
7307 126
6999 126
6952 126
6944 126
6839 126
6830 126
6766 126
6730 126
6703 126
6584 126
6541 126
6539 126
6532 126
6522 126
6510 126
6500 126
6469 126
6467 126
6466 126
6386 126
6374 126
6353 126
6351 126
6345 126
6329 126
6300 126
6282 126
6261 126
6235 126
6135 126
6089 126
6062 126
6061 126
6053 126
6045 126
6004 126
5916 126
5896 126
5857 126
5847 126
5781 126
5765 126
5713 126
5699 126
5690 126
5523 126
5518 126
5502 126
5448 126
4706 126
7948 127
7825 127
7263 127
7194 127
7056 127
7018 127
6885 127
6822 127
6765 127
6760 127
6717 127
6668 127
6664 127
6657 127
6655 127
6609 127
6596 127
6530 127
6527 127
6477 127
6459 127
6416 127
6406 127
6390 127
6372 127
6367 127
6341 127
6279 127
6256 127
6227 127
6163 127
6156 127
6149 127
6143 127
6103 127
6056 127
6010 127
5932 127
5923 127
5907 127
5864 127
5849 127
5780 127
5761 127
5754 127
5542 127
5470 127
5372 127
5318 127
5268 127
5120 127
7219 128
7201 128
7128 128
7097 128
7062 128
6918 128
6836 128
6811 128
6798 128
6780 128
6731 128
6681 128
6680 128
6611 128
6607 128
6516 128
6479 128
6474 128
6399 128
6356 128
6292 128
6275 128
6259 128
6186 128
6178 128
6177 128
6164 128
6157 128
6142 128
6131 128
6114 128
6060 128
5972 128
5816 128
5805 128
5770 128
5753 128
5687 128
5649 128
7819 129
7675 129
7275 129
7206 129
7185 129
7120 129
7067 129
7057 129
7055 129
7014 129
6958 129
6896 129
6895 129
6821 129
6802 129
6778 129
6727 129
6720 129
6621 129
6580 129
6576 129
6567 129
6565 129
6508 129
6507 129
6485 129
6415 129
6411 129
6381 129
6369 129
6316 129
6304 129
6274 129
6209 129
6202 129
6172 129
6167 129
6159 129
6036 129
5963 129
5938 129
5918 129
5812 129
5662 129
5648 129
5428 129
5416 129
5415 129
5219 129
7561 130
7405 130
7386 130
7262 130
7105 130
7050 130
7024 130
7012 130
6910 130
6857 130
6856 130
6843 130
6837 130
6785 130
6784 130
6747 130
6742 130
6702 130
6675 130
6666 130
6645 130
6644 130
6634 130
6620 130
6577 130
6561 130
6529 130
6523 130
6521 130
6446 130
6385 130
6364 130
6343 130
6320 130
6307 130
6303 130
6205 130
6139 130
6111 130
6110 130
6042 130
5741 130
5669 130
5613 130
5558 130
5345 130
5067 130
8034 131
7662 131
7551 131
7526 131
7484 131
7444 131
7412 131
7205 131
7096 131
7087 131
7071 131
7052 131
7039 131
7020 131
7007 131
6994 131
6991 131
6943 131
6898 131
6890 131
6806 131
6768 131
6743 131
6728 131
6718 131
6710 131
6698 131
6631 131
6630 131
6590 131
6571 131
6496 131
6488 131
6463 131
6461 131
6460 131
6439 131
6423 131
6419 131
6298 131
6270 131
6236 131
6188 131
6122 131
6098 131
6096 131
6084 131
6066 131
6047 131
6003 131
5981 131
5858 131
5837 131
5797 131
5717 131
5639 131
5506 131
5488 131
5242 131
5173 131
5148 131
5094 131
8313 132
8026 132
7827 132
7820 132
7746 132
7698 132
7480 132
7438 132
7432 132
7352 132
7303 132
7249 132
7159 132
7117 132
7085 132
7059 132
7049 132
7026 132
7015 132
6964 132
6928 132
6872 132
6863 132
6734 132
6712 132
6638 132
6597 132
6557 132
6550 132
6543 132
6482 132
6454 132
6409 132
6358 132
6231 132
6229 132
6216 132
6187 132
6137 132
6124 132
6077 132
6030 132
5982 132
5846 132
5836 132
5806 132
5779 132
5774 132
7719 133
7644 133
7555 133
7536 133
7380 133
7378 133
7339 133
7301 133
7248 133
7165 133
7131 133
7121 133
7070 133
7069 133
7051 133
7011 133
6985 133
6877 133
6845 133
6803 133
6797 133
6729 133
6716 133
6708 133
6706 133
6688 133
6672 133
6662 133
6641 133
6624 133
6593 133
6572 133
6514 133
6493 133
6472 133
6427 133
6396 133
6392 133
6366 133
6348 133
6284 133
6278 133
6230 133
6195 133
6141 133
6109 133
6069 133
6020 133
5985 133
5914 133
5879 133
5868 133
5853 133
5689 133
5577 133
8104 134
7649 134
7510 134
7506 134
7235 134
7228 134
7218 134
7135 134
7086 134
7004 134
6980 134
6968 134
6937 134
6925 134
6842 134
6779 134
6756 134
6732 134
6673 134
6665 134
6654 134
6595 134
6548 134
6525 134
6361 134
6339 134
6257 134
6220 134
6215 134
6204 134
6179 134
6151 134
6083 134
6006 134
5789 134
5680 134
5635 134
5484 134
5477 134
8097 135
8035 135
7996 135
7525 135
7336 135
7233 135
7223 135
7198 135
7192 135
7148 135
7114 135
7091 135
7079 135
7060 135
7032 135
7029 135
7027 135
6989 135
6988 135
6977 135
6976 135
6969 135
6959 135
6934 135
6889 135
6870 135
6867 135
6862 135
6854 135
6794 135
6783 135
6745 135
6724 135
6713 135
6691 135
6683 135
6591 135
6564 135
6526 135
6498 135
6490 135
6464 135
6289 135
6273 135
6251 135
6247 135
6197 135
6155 135
6118 135
5940 135
5928 135
5775 135
5647 135
5503 135
5366 135
7842 136
7700 136
7652 136
7616 136
7601 136
7539 136
7508 136
7503 136
7498 136
7497 136
7475 136
7313 136
7311 136
7270 136
7260 136
7231 136
7153 136
7103 136
6996 136
6975 136
6949 136
6942 136
6800 136
6726 136
6719 136
6707 136
6699 136
6696 136
6651 136
6628 136
6585 136
6515 136
6509 136
6503 136
6480 136
6455 136
6373 136
6332 136
6319 136
6314 136
6299 136
6228 136
6169 136
6148 136
6133 136
6108 136
6032 136
8571 137
8249 137
7885 137
7871 137
7823 137
7721 137
7676 137
7654 137
7595 137
7465 137
7457 137
7396 137
7387 137
7383 137
7354 137
7288 137
7211 137
7180 137
7162 137
6998 137
6992 137
6967 137
6927 137
6922 137
6919 137
6851 137
6807 137
6804 137
6761 137
6636 137
6629 137
6626 137
6605 137
6601 137
6600 137
6524 137
6519 137
6502 137
6468 137
6443 137
6389 137
6338 137
6218 137
6046 137
5988 137
5900 137
5767 137
5598 137
7993 138
7919 138
7641 138
7612 138
7540 138
7485 138
7461 138
7449 138
7431 138
7379 138
7368 138
7365 138
7355 138
7329 138
7305 138
7293 138
7281 138
7276 138
7257 138
7251 138
7234 138
7204 138
7177 138
7167 138
7140 138
7133 138
7123 138
7093 138
7089 138
7043 138
6982 138
6932 138
6929 138
6915 138
6902 138
6886 138
6869 138
6859 138
6831 138
6801 138
6741 138
6723 138
6715 138
6661 138
6640 138
6617 138
6562 138
6538 138
6505 138
6499 138
6494 138
6445 138
6436 138
6414 138
6362 138
6019 138
5973 138
8337 139
8305 139
8180 139
7872 139
7738 139
7690 139
7685 139
7646 139
7573 139
7572 139
7534 139
7507 139
7426 139
7420 139
7404 139
7322 139
7318 139
7296 139
7285 139
7245 139
7196 139
7113 139
7084 139
7074 139
7010 139
7009 139
6966 139
6953 139
6950 139
6947 139
6892 139
6880 139
6865 139
6860 139
6844 139
6838 139
6825 139
6791 139
6790 139
6774 139
6769 139
6705 139
6677 139
6674 139
6586 139
6497 139
6483 139
6435 139
6355 139
6331 139
6317 139
6191 139
6104 139
5729 139
8554 140
8336 140
7737 140
7710 140
7650 140
7647 140
7629 140
7563 140
7546 140
7477 140
7425 140
7408 140
7406 140
7392 140
7335 140
7321 140
7208 140
7163 140
7147 140
7078 140
6957 140
6897 140
6893 140
6875 140
6833 140
6827 140
6824 140
6818 140
6744 140
6711 140
6693 140
6679 140
6667 140
6660 140
6614 140
6554 140
6533 140
6438 140
6418 140
6408 140
6371 140
6288 140
5763 140
8353 141
8173 141
8142 141
8056 141
8049 141
7991 141
7968 141
7942 141
7879 141
7795 141
7728 141
7727 141
7686 141
7416 141
7407 141
7402 141
7376 141
7331 141
7158 141
7157 141
7109 141
7104 141
7099 141
7048 141
7013 141
7001 141
6986 141
6911 141
6899 141
6888 141
6878 141
6849 141
6828 141
6799 141
6781 141
6773 141
6771 141
6754 141
6700 141
6686 141
6685 141
6625 141
6549 141
6528 141
6434 141
6422 141
6393 141
6346 141
6334 141
6258 141
6249 141
6050 141
6026 141
5950 141
5769 141
8420 142
8084 142
8024 142
7961 142
7914 142
7829 142
7804 142
7598 142
7564 142
7552 142
7523 142
7483 142
7463 142
7418 142
7410 142
7385 142
7363 142
7325 142
7265 142
7237 142
7152 142
7126 142
7118 142
7063 142
7000 142
6995 142
6945 142
6941 142
6926 142
6916 142
6882 142
6816 142
6793 142
6704 142
6656 142
6613 142
6569 142
6559 142
6486 142
6450 142
6412 142
6377 142
6347 142
6296 142
6280 142
6262 142
6063 142
5604 142
8468 143
8351 143
8341 143
8181 143
8123 143
8036 143
7955 143
7952 143
7917 143
7867 143
7811 143
7722 143
7716 143
7708 143
7682 143
7574 143
7549 143
7399 143
7388 143
7250 143
7232 143
7184 143
7175 143
7171 143
7169 143
7136 143
7098 143
7094 143
7047 143
7042 143
7002 143
6987 143
6931 143
6901 143
6841 143
6815 143
6813 143
6808 143
6795 143
6776 143
6763 143
6759 143
6757 143
6748 143
6722 143
6692 143
6618 143
6610 143
6575 143
6553 143
6491 143
6457 143
6333 143
6243 143
6193 143
6189 143
6184 143
6107 143
6034 143
8646 144
8422 144
8413 144
8237 144
8129 144
8042 144
8016 144
7984 144
7970 144
7864 144
7808 144
7707 144
7669 144
7659 144
7637 144
7591 144
7558 144
7505 144
7482 144
7411 144
7224 144
7182 144
7145 144
7106 144
7076 144
7019 144
7006 144
6974 144
6940 144
6930 144
6772 144
6737 144
6635 144
6608 144
6473 144
6294 144
6237 144
6203 144
6196 144
8865 145
8706 145
8372 145
8236 145
8203 145
8163 145
8161 145
7941 145
7892 145
7888 145
7834 145
7792 145
7754 145
7744 145
7736 145
7734 145
7717 145
7705 145
7656 145
7622 145
7452 145
7423 145
7401 145
7394 145
7389 145
7375 145
7360 145
7284 145
7273 145
7269 145
7244 145
7210 145
7172 145
7124 145
7122 145
7116 145
7090 145
7073 145
7053 145
6984 145
6972 145
6970 145
6948 145
6933 145
6848 145
6805 145
6690 145
6643 145
6598 145
6437 145
6391 145
6336 145
6267 145
8573 146
8415 146
8294 146
8260 146
8096 146
7980 146
7928 146
7913 146
7821 146
7796 146
7783 146
7691 146
7655 146
7606 146
7590 146
7527 146
7512 146
7504 146
7469 146
7456 146
7409 146
7384 146
7330 146
7310 146
7274 146
7272 146
7256 146
7229 146
7221 146
7150 146
7130 146
7061 146
7054 146
7046 146
7037 146
7035 146
7028 146
6983 146
6971 146
6961 146
6951 146
6946 146
6907 146
6861 146
6858 146
6853 146
6834 146
6762 146
6738 146
6615 146
6568 146
6551 146
6387 146
6382 146
6357 146
6276 146
6211 146
6160 146
6138 146
5834 146
8647 147
8416 147
8227 147
8133 147
8061 147
8022 147
8019 147
7956 147
7891 147
7875 147
7855 147
7824 147
7788 147
7720 147
7701 147
7674 147
7668 147
7576 147
7545 147
7517 147
7487 147
7466 147
7433 147
7381 147
7338 147
7302 147
7283 147
7259 147
7217 147
7183 147
7127 147
7111 147
7095 147
7080 147
7065 147
7044 147
6905 147
6736 147
6689 147
6678 147
6646 147
6536 147
6465 147
6433 147
6337 147
6198 147
8894 148
8620 148
8531 148
8525 148
8510 148
8269 148
8193 148
8106 148
8076 148
8004 148
7946 148
7911 148
7883 148
7800 148
7772 148
7693 148
7635 148
7624 148
7600 148
7567 148
7524 148
7514 148
7509 148
7502 148
7443 148
7334 148
7324 148
7280 148
7254 148
7243 148
7240 148
7227 148
7215 148
7200 148
7188 148
7151 148
7092 148
7077 148
7021 148
7017 148
6979 148
6963 148
6920 148
6914 148
6864 148
6847 148
6751 148
6566 148
6432 148
6360 148
6115 148
8914 149
8613 149
8604 149
8232 149
8175 149
8141 149
8119 149
8113 149
8111 149
8065 149
8030 149
8017 149
7849 149
7832 149
7817 149
7807 149
7584 149
7565 149
7556 149
7511 149
7491 149
7462 149
7450 149
7440 149
7393 149
7351 149
7320 149
7292 149
7230 149
7191 149
7178 149
7134 149
7075 149
7064 149
7034 149
6956 149
6883 149
6879 149
6770 149
6701 149
6424 149
6226 149
5589 149
8696 150
8408 150
8310 150
8279 150
8189 150
8157 150
8134 150
8128 150
8066 150
8044 150
8037 150
8021 150
7964 150
7899 150
7866 150
7818 150
7801 150
7799 150
7694 150
7684 150
7671 150
7653 150
7623 150
7613 150
7528 150
7481 150
7467 150
7447 150
7434 150
7417 150
7403 150
7358 150
7291 150
7286 150
7264 150
7241 150
7238 150
7144 150
7101 150
7066 150
7022 150
7016 150
6973 150
6935 150
6777 150
6695 150
6545 150
6517 150
6501 150
6376 150
8667 151
8621 151
8616 151
8512 151
8357 151
8308 151
8300 151
8218 151
8162 151
8148 151
8139 151
8009 151
7950 151
7945 151
7915 151
7840 151
7740 151
7703 151
7678 151
7645 151
7599 151
7597 151
7589 151
7586 151
7535 151
7500 151
7495 151
7486 151
7374 151
7333 151
7327 151
7300 151
7290 151
7289 151
7181 151
7164 151
7088 151
7008 151
6850 151
6835 151
6829 151
6694 151
6676 151
6633 151
6277 151
5991 151
8745 152
8716 152
8586 152
8530 152
8358 152
8331 152
8312 152
8246 152
8200 152
7997 152
7959 152
7833 152
7780 152
7776 152
7771 152
7748 152
7663 152
7633 152
7615 152
7603 152
7557 152
7522 152
7488 152
7468 152
7458 152
7435 152
7353 152
7340 152
7337 152
7299 152
7214 152
7170 152
6913 152
6912 152
6871 152
6725 152
6602 152
9117 153
9098 153
9088 153
8824 153
8709 153
8612 153
8609 153
8593 153
8569 153
8328 153
8325 153
8302 153
8223 153
8220 153
8146 153
8140 153
8118 153
8115 153
8110 153
7895 153
7858 153
7844 153
7814 153
7809 153
7766 153
7757 153
7753 153
7733 153
7730 153
7666 153
7620 153
7580 153
7548 153
7521 153
7494 153
7478 153
7473 153
7441 153
7424 153
7413 153
7370 153
7359 153
7332 153
7319 153
7199 153
7160 153
7154 153
7138 153
7112 153
7110 153
7036 153
6990 153
6978 153
6746 153
6623 153
6594 153
6531 153
6504 153
6352 153
8692 154
8513 154
8462 154
8431 154
8345 154
8273 154
8259 154
8258 154
8228 154
8201 154
8197 154
8156 154
8143 154
8130 154
8083 154
8082 154
8063 154
7965 154
7873 154
7816 154
7815 154
7781 154
7765 154
7752 154
7742 154
7726 154
7697 154
7643 154
7596 154
7583 154
7501 154
7492 154
7459 154
7398 154
7373 154
7367 154
7357 154
7348 154
7298 154
7271 154
7253 154
6997 154
6981 154
6924 154
6917 154
6894 154
6873 154
6627 154
8963 155
8828 155
8786 155
8693 155
8628 155
8579 155
8577 155
8441 155
8360 155
8342 155
8301 155
8234 155
8213 155
8165 155
8158 155
8108 155
8029 155
7938 155
7890 155
7846 155
7813 155
7794 155
7747 155
7648 155
7631 155
7610 155
7490 155
7430 155
7382 155
7350 155
7315 155
7312 155
7277 155
7258 155
7252 155
7236 155
7186 155
7137 155
7129 155
7108 155
7081 155
6962 155
6183 155
9755 156
9256 156
9162 156
9126 156
9031 156
8922 156
8909 156
8768 156
8756 156
8717 156
8715 156
8428 156
8421 156
8347 156
8343 156
8322 156
8284 156
8265 156
8248 156
8211 156
8150 156
8092 156
8067 156
8050 156
8047 156
8013 156
8008 156
7947 156
7931 156
7916 156
7868 156
7841 156
7677 156
7532 156
7529 156
7513 156
7390 156
7361 156
7304 156
7268 156
7239 156
7216 156
7176 156
7161 156
7155 156
7149 156
6954 156
6792 156
6755 156
6462 156
6253 156
9115 157
8961 157
8815 157
8784 157
8725 157
8592 157
8575 157
8497 157
8446 157
8432 157
8418 157
8409 157
8390 157
8383 157
8349 157
8303 157
8264 157
8253 157
8251 157
8138 157
8107 157
8098 157
8027 157
8020 157
7985 157
7972 157
7949 157
7889 157
7836 157
7762 157
7741 157
7731 157
7670 157
7667 157
7640 157
7634 157
7594 157
7577 157
7568 157
7553 157
7397 157
7371 157
7366 157
7349 157
7308 157
7282 157
7242 157
7202 157
7168 157
7142 157
7100 157
7041 157
6908 157
6846 157
6788 157
6221 157
9605 158
9553 158
9524 158
8748 158
8653 158
8500 158
8465 158
8404 158
8382 158
8373 158
8334 158
8320 158
8278 158
8275 158
8245 158
8195 158
8166 158
8126 158
8117 158
8071 158
8033 158
7999 158
7967 158
7960 158
7935 158
7884 158
7838 158
7803 158
7777 158
7739 158
7570 158
7569 158
7560 158
7496 158
7493 158
7451 158
7364 158
7279 158
7226 158
7220 158
7141 158
7058 158
7038 158
7023 158
6817 158
6786 158
6684 158
6603 158
9475 159
9441 159
9427 159
9021 159
8884 159
8766 159
8704 159
8650 159
8548 159
8517 159
8430 159
8319 159
8283 159
8241 159
8240 159
8124 159
8081 159
8051 159
8018 159
7978 159
7921 159
7896 159
7882 159
7793 159
7787 159
7779 159
7774 159
7729 159
7718 159
7713 159
7687 159
7664 159
7614 159
7604 159
7602 159
7592 159
7578 159
7448 159
7395 159
7342 159
7328 159
7326 159
7297 159
7203 159
7193 159
7166 159
7132 159
6649 159
6244 159
9237 160
9032 160
8984 160
8958 160
8897 160
8878 160
8792 160
8661 160
8549 160
8541 160
8523 160
8476 160
8467 160
8440 160
8391 160
8330 160
8297 160
8255 160
8179 160
8178 160
8053 160
8046 160
7990 160
7951 160
7930 160
7923 160
7852 160
7851 160
7839 160
7760 160
7683 160
7680 160
7544 160
7531 160
7515 160
7471 160
7470 160
7453 160
7377 160
7362 160
7343 160
7294 160
7197 160
7190 160
7189 160
6823 160
6819 160
6767 160
6709 160
9315 161
9079 161
8915 161
8869 161
8825 161
8805 161
8790 161
8645 161
8627 161
8590 161
8563 161
8492 161
8490 161
8392 161
8362 161
8136 161
8059 161
8007 161
8005 161
7998 161
7994 161
7992 161
7979 161
7902 161
7830 161
7797 161
7688 161
7639 161
7628 161
7593 161
7516 161
7445 161
7422 161
7345 161
7341 161
7187 161
7146 161
9527 162
9319 162
9257 162
9043 162
8879 162
8850 162
8762 162
8687 162
8643 162
8555 162
8546 162
8518 162
8514 162
8489 162
8402 162
8369 162
8356 162
8277 162
8229 162
8221 162
8214 162
8208 162
8207 162
8196 162
8191 162
8172 162
8145 162
8101 162
8095 162
8040 162
8032 162
7983 162
7976 162
7954 162
7922 162
7909 162
7865 162
7853 162
7790 162
7786 162
7756 162
7709 162
7609 162
7571 162
7542 162
7479 162
7455 162
7323 162
7316 162
7212 162
7179 162
7156 162
6832 162
9974 163
9386 163
9275 163
9253 163
9221 163
9140 163
9120 163
9109 163
9016 163
8871 163
8782 163
8763 163
8761 163
8668 163
8607 163
8556 163
8516 163
8506 163
8498 163
8487 163
8405 163
8396 163
8395 163
8317 163
8287 163
8068 163
8010 163
7977 163
7957 163
7944 163
7926 163
7924 163
7910 163
7907 163
7881 163
7828 163
7761 163
7758 163
7751 163
7723 163
7696 163
7658 163
7657 163
7550 163
7537 163
7474 163
7442 163
7419 163
7369 163
7309 163
7225 163
6960 163
6775 163
9446 164
9379 164
9073 164
9039 164
8920 164
8872 164
8863 164
8779 164
8778 164
8777 164
8727 164
8690 164
8664 164
8660 164
8557 164
8521 164
8508 164
8419 164
8375 164
8364 164
8326 164
8324 164
8285 164
8274 164
8204 164
8089 164
8086 164
8060 164
8014 164
8012 164
8002 164
7986 164
7969 164
7877 164
7862 164
7860 164
7856 164
7847 164
7822 164
7812 164
7773 164
7770 164
7745 164
7743 164
7725 164
7626 164
7530 164
7429 164
7372 164
9837 165
9362 165
9358 165
9169 165
9165 165
9155 165
9143 165
9089 165
9074 165
9050 165
8999 165
8977 165
8907 165
8882 165
8873 165
8849 165
8842 165
8837 165
8817 165
8752 165
8746 165
8744 165
8676 165
8634 165
8606 165
8595 165
8503 165
8445 165
8439 165
8352 165
8335 165
8315 165
8304 165
8289 165
8271 165
8238 165
8171 165
8147 165
8132 165
8121 165
8078 165
8054 165
8039 165
7906 165
7905 165
7894 165
7870 165
7854 165
7831 165
7608 165
7607 165
7566 165
7454 165
7439 165
7346 165
7040 165
9522 166
9486 166
9373 166
9357 166
9215 166
9121 166
9101 166
9006 166
8960 166
8836 166
8760 166
8724 166
8685 166
8681 166
8618 166
8588 166
8538 166
8400 166
8327 166
8242 166
8225 166
8212 166
8151 166
8088 166
8080 166
8070 166
8043 166
8015 166
7953 166
7920 166
7880 166
7861 166
7848 166
7835 166
7806 166
7767 166
7764 166
7750 166
7749 166
7619 166
7605 166
7582 166
7579 166
7554 166
7518 166
7472 166
7464 166
7446 166
7391 166
7356 166
7247 166
7143 166
6714 166
9836 167
9232 167
9231 167
9175 167
9145 167
9102 167
9048 167
9042 167
8973 167
8943 167
8859 167
8827 167
8783 167
8742 167
8689 167
8684 167
8670 167
8657 167
8637 167
8576 167
8564 167
8544 167
8536 167
8522 167
8495 167
8471 167
8450 167
8424 167
8393 167
8354 167
8311 167
8263 167
8230 167
8169 167
8144 167
8102 167
8099 167
8091 167
8038 167
8031 167
7971 167
7901 167
7850 167
7810 167
7785 167
7782 167
7689 167
7630 167
7627 167
7625 167
7618 167
7611 167
7489 167
7427 167
7295 167
7266 167
9851 168
9674 168
9611 168
9574 168
9412 168
9363 168
9052 168
9015 168
8969 168
8950 168
8905 168
8861 168
8808 168
8793 168
8750 168
8722 168
8624 168
8610 168
8585 168
8540 168
8524 168
8501 168
8493 168
8460 168
8436 168
8397 168
8380 168
8365 168
8323 168
8314 168
8286 168
8266 168
8261 168
8226 168
8217 168
8210 168
8186 168
8183 168
8168 168
8149 168
8048 168
7981 168
7962 168
7958 168
7932 168
7918 168
7837 168
7791 168
7661 168
7581 168
7562 168
7541 168
7287 168
6796 168
9539 169
9515 169
9470 169
9434 169
9424 169
9413 169
9403 169
9369 169
9364 169
9262 169
9083 169
8972 169
8877 169
8839 169
8806 169
8774 169
8755 169
8728 169
8719 169
8712 169
8673 169
8614 169
8583 169
8494 169
8483 169
8414 169
8410 169
8291 169
8114 169
8094 169
8072 169
8057 169
7975 169
7966 169
7886 169
7724 169
7642 169
7519 169
7400 169
9896 170
9281 170
9263 170
9182 170
9114 170
9057 170
9040 170
8970 170
8910 170
8870 170
8866 170
8813 170
8754 170
8729 170
8658 170
8639 170
8600 170
8584 170
8552 170
8477 170
8452 170
8401 170
8387 170
8381 170
8363 170
8340 170
8321 170
8290 170
8281 170
8272 170
8270 170
8254 170
8224 170
8125 170
8100 170
8077 170
8058 170
8055 170
7987 170
7878 170
7673 170
7665 170
7660 170
7638 170
7585 170
7520 170
7499 170
7306 170
7209 170
9669 171
9651 171
9610 171
9592 171
9500 171
9464 171
9409 171
9350 171
9322 171
9183 171
9152 171
9058 171
9038 171
9028 171
9023 171
9000 171
8985 171
8955 171
8888 171
8883 171
8875 171
8867 171
8826 171
8718 171
8683 171
8666 171
8641 171
8560 171
8519 171
8507 171
8496 171
8469 171
8423 171
8378 171
8371 171
8370 171
8367 171
8339 171
8299 171
8199 171
8188 171
8160 171
8159 171
8103 171
7988 171
7898 171
7876 171
7798 171
7784 171
7775 171
7735 171
7267 171
7115 171
9704 172
9545 172
9397 172
9388 172
9301 172
9198 172
9193 172
9163 172
9046 172
9026 172
8994 172
8993 172
8926 172
8917 172
8821 172
8802 172
8707 172
8633 172
8619 172
8499 172
8480 172
8466 172
8461 172
8458 172
8438 172
8366 172
8318 172
8296 172
8219 172
8216 172
8184 172
8182 172
8174 172
8167 172
8131 172
8127 172
8120 172
8075 172
8001 172
7845 172
7789 172
7755 172
7621 172
7588 172
7538 172
9824 173
9710 173
9698 173
9614 173
9607 173
9514 173
9496 173
9488 173
9343 173
9332 173
9324 173
9297 173
9290 173
9234 173
9228 173
9204 173
9164 173
9157 173
9134 173
9106 173
9103 173
9007 173
8942 173
8935 173
8929 173
8928 173
8913 173
8896 173
8876 173
8799 173
8691 173
8665 173
8648 173
8644 173
8636 173
8485 173
8464 173
8435 173
8406 173
8307 173
8247 173
8209 173
8194 173
8062 173
8028 173
7989 173
7974 173
7939 173
7936 173
7805 173
7768 173
7704 173
7559 173
9831 174
9800 174
9720 174
9575 174
9573 174
9550 174
9389 174
9280 174
9272 174
9271 174
9213 174
9190 174
9136 174
9077 174
9070 174
9020 174
8995 174
8986 174
8962 174
8927 174
8904 174
8833 174
8820 174
8703 174
8698 174
8669 174
8617 174
8582 174
8561 174
8558 174
8520 174
8475 174
8474 174
8444 174
8426 174
8348 174
8154 174
7995 174
7937 174
7874 174
7859 174
7826 174
7802 174
7769 174
7714 174
7679 174
7543 174
9997 175
9899 175
9780 175
9703 175
9702 175
9567 175
9520 175
9487 175
9472 175
9442 175
9418 175
9411 175
9349 175
9329 175
9327 175
9226 175
9217 175
9173 175
9131 175
9128 175
9122 175
9100 175
9053 175
9045 175
9005 175
9001 175
8996 175
8898 175
8892 175
8803 175
8775 175
8772 175
8764 175
8710 175
8659 175
8629 175
8344 175
8293 175
8262 175
8257 175
8252 175
8185 175
8137 175
8105 175
8000 175
7933 175
7887 175
7715 175
7651 175
7278 175
9998 176
9871 176
9819 176
9793 176
9638 176
9624 176
9534 176
9484 176
9422 176
9394 176
9378 176
9302 176
9255 176
9241 176
9116 176
9112 176
9087 176
9085 176
9081 176
9037 176
9034 176
9002 176
8936 176
8934 176
8862 176
8853 176
8811 176
8788 176
8781 176
8741 176
8738 176
8734 176
8702 176
8695 176
8680 176
8679 176
8631 176
8608 176
8596 176
8594 176
8589 176
8551 176
8481 176
8470 176
8451 176
8448 176
8434 176
8417 176
8403 176
8346 176
8298 176
8295 176
8206 176
8192 176
8152 176
8109 176
8025 176
8023 176
7982 176
7869 176
7695 176
7617 176
7414 176
9995 177
9924 177
9888 177
9724 177
9699 177
9688 177
9608 177
9596 177
9594 177
9593 177
9521 177
9516 177
9490 177
9460 177
9459 177
9402 177
9365 177
9351 177
9321 177
9306 177
9181 177
9138 177
9113 177
9086 177
9064 177
9017 177
8997 177
8956 177
8949 177
8930 177
8841 177
8832 177
8822 177
8723 177
8705 177
8640 177
8638 177
8570 177
8545 177
8534 177
8526 177
8478 177
8429 177
8399 177
8316 177
8190 177
8155 177
7940 177
7692 177
7575 177
7533 177
7347 177
9844 178
9843 178
9766 178
9603 178
9581 178
9569 178
9541 178
9502 178
9449 178
9438 178
9420 178
9398 178
9352 178
9338 178
9331 178
9247 178
9211 178
9197 178
9185 178
9179 178
9177 178
9156 178
9139 178
9129 178
9104 178
9076 178
9035 178
9014 178
8992 178
8991 178
8948 178
8946 178
8940 178
8840 178
8785 178
8597 178
8580 178
8574 178
8572 178
8505 178
8437 178
8244 178
8187 178
8177 178
8090 178
7763 178
9965 179
9891 179
9846 179
9809 179
9802 179
9782 179
9777 179
9714 179
9648 179
9571 179
9510 179
9453 179
9443 179
9440 179
9430 179
9421 179
9393 179
9330 179
9282 179
9219 179
9210 179
9172 179
9171 179
9146 179
9124 179
9111 179
9091 179
9062 179
9018 179
8983 179
8964 179
8864 179
8852 179
8846 179
8838 179
8798 179
8797 179
8757 179
8682 179
8671 179
8662 179
8615 179
8599 179
8562 179
8539 179
8533 179
8488 179
8407 179
8398 179
8374 179
8368 179
8355 179
8280 179
8215 179
8202 179
8176 179
8093 179
8052 179
7929 179
7908 179
7903 179
7843 179
7732 179
7699 179
9984 180
9906 180
9842 180
9738 180
9677 180
9570 180
9563 180
9533 180
9504 180
9439 180
9384 180
9374 180
9353 180
9265 180
9240 180
9206 180
9201 180
9192 180
9142 180
9066 180
8989 180
8971 180
8939 180
8925 180
8901 180
8899 180
8834 180
8812 180
8800 180
8795 180
8787 180
8740 180
8701 180
8649 180
8623 180
8622 180
8529 180
8527 180
8502 180
8482 180
8459 180
8456 180
8433 180
8411 180
8361 180
8338 180
8231 180
8205 180
8170 180
8153 180
8087 180
8011 180
7973 180
7934 180
7900 180
7702 180
7672 180
9872 181
9774 181
9650 181
9590 181
9561 181
9557 181
9529 181
9523 181
9391 181
9381 181
9347 181
9325 181
9246 181
9233 181
9170 181
9150 181
9107 181
8893 181
8732 181
8686 181
8677 181
8642 181
8601 181
8587 181
8535 181
8532 181
8484 181
8479 181
8453 181
8388 181
8288 181
8282 181
8135 181
8116 181
8079 181
8041 181
8003 181
7893 181
9971 182
9860 182
9840 182
9745 182
9744 182
9731 182
9633 182
9613 182
9549 182
9471 182
9416 182
9392 182
9284 182
9223 182
9209 182
9189 182
9125 182
9096 182
9082 182
9069 182
9061 182
9059 182
9055 182
8954 182
8952 182
8908 182
8847 182
8818 182
8791 182
8753 182
8749 182
8739 182
8735 182
8730 182
8688 182
8625 182
8602 182
8559 182
8504 182
8486 182
8394 182
8385 182
8085 182
7437 182
9979 183
9939 183
9936 183
9935 183
9889 183
9870 183
9804 183
9643 183
9641 183
9598 183
9583 183
9548 183
9547 183
9507 183
9499 183
9457 183
9376 183
9340 183
9294 183
9239 183
9207 183
9188 183
9147 183
9105 183
9075 183
9067 183
9063 183
9010 183
8968 183
8903 183
8851 183
8835 183
8796 183
8733 183
8655 183
8635 183
8581 183
8566 183
8553 183
8550 183
8537 183
8457 183
8449 183
8350 183
8235 183
8112 183
8045 183
8006 183
7963 183
9776 184
9705 184
9686 184
9617 184
9587 184
9535 184
9518 184
9485 184
9473 184
9451 184
9406 184
9339 184
9316 184
9269 184
9243 184
9161 184
9148 184
9144 184
9123 184
9108 184
9095 184
9054 184
8990 184
8979 184
8966 184
8953 184
8900 184
8858 184
8714 184
8663 184
8651 184
8605 184
8515 184
8463 184
9985 185
9977 185
9957 185
9928 185
9918 185
9865 185
9863 185
9859 185
9828 185
9827 185
9795 185
9690 185
9661 185
9600 185
9591 185
9566 185
9555 185
9356 185
9335 185
9267 185
9159 185
9151 185
9118 185
9051 185
9033 185
8987 185
8974 185
8951 185
8944 185
8937 185
8895 185
8874 185
8854 185
8830 185
8819 185
8771 185
8765 185
8758 185
8751 185
8747 185
8678 185
8652 185
8567 185
8543 185
8386 185
8359 185
8306 185
8267 185
7261 185
9966 186
9952 186
9927 186
9920 186
9881 186
9858 186
9845 186
9814 186
9787 186
9740 186
9730 186
9725 186
9708 186
9681 186
9577 186
9512 186
9494 186
9448 186
9447 186
9333 186
9326 186
9260 186
9216 186
9178 186
9158 186
9003 186
8988 186
8980 186
8918 186
8844 186
8770 186
8674 186
8630 186
8547 186
8528 186
8491 186
8473 186
8455 186
8376 186
7897 186
9960 187
9934 187
9914 187
9904 187
9892 187
9764 187
9696 187
9693 187
9683 187
9679 187
9660 187
9654 187
9653 187
9640 187
9634 187
9616 187
9513 187
9405 187
9395 187
9387 187
9354 187
9309 187
9225 187
9187 187
9166 187
9141 187
9072 187
9071 187
8976 187
8654 187
8568 187
8472 187
8332 187
8276 187
8064 187
7925 187
7759 187
7706 187
9990 188
9917 188
9848 188
9813 188
9664 188
9589 188
9572 188
9546 188
9542 188
9540 188
9536 188
9511 188
9509 188
9501 188
9493 188
9462 188
9436 188
9414 188
9383 188
9345 188
9317 188
9266 188
9264 188
9248 188
9208 188
9191 188
9167 188
9056 188
9041 188
9030 188
9029 188
9022 188
8981 188
8912 188
8886 188
8831 188
8626 188
8578 188
8542 188
7943 188
7778 188
9987 189
9941 189
9909 189
9908 189
9897 189
9874 189
9852 189
9788 189
9754 189
9727 189
9680 189
9678 189
9657 189
9645 189
9626 189
9602 189
9531 189
9508 189
9489 189
9483 189
9419 189
9410 189
9320 189
9283 189
9274 189
9224 189
9176 189
9099 189
9008 189
8978 189
8947 189
8889 189
8868 189
8856 189
8848 189
8769 189
8720 189
8675 189
8591 189
8412 189
8333 189
8250 189
8069 189
9962 190
9884 190
9866 190
9807 190
9786 190
9778 190
9771 190
9761 190
9715 190
9707 190
9676 190
9655 190
9652 190
9639 190
9599 190
9588 190
9576 190
9560 190
9556 190
9552 190
9491 190
9482 190
9481 190
9476 190
9474 190
9461 190
9249 190
9094 190
9093 190
9092 190
9080 190
9078 190
8998 190
8941 190
8938 190
8933 190
8906 190
8843 190
8713 190
8632 190
8443 190
8198 190
9882 191
9839 191
9711 191
9689 191
9663 191
9580 191
9565 191
9558 191
9544 191
9437 191
9366 191
9286 191
9250 191
9245 191
9097 191
9068 191
9019 191
8923 191
8857 191
8845 191
8823 191
8773 191
8767 191
8737 191
8699 191
8697 191
8384 191
8122 191
9988 192
9955 192
9930 192
9919 192
9915 192
9867 192
9829 192
9818 192
9798 192
9747 192
9632 192
9622 192
9526 192
9400 192
9377 192
9368 192
9346 192
9342 192
9305 192
9279 192
9270 192
9244 192
9236 192
9218 192
9205 192
9200 192
9180 192
9149 192
9065 192
9027 192
9013 192
9004 192
8816 192
8776 192
8743 192
8731 192
8511 192
8454 192
8442 192
8427 192
8243 192
8239 192
7904 192
9968 193
9961 193
9929 193
9921 193
9905 193
9772 193
9701 193
9498 193
9466 193
9465 193
9445 193
9425 193
9372 193
9370 193
9307 193
9296 193
9222 193
9214 193
9135 193
9119 193
9060 193
9049 193
9047 193
8931 193
8902 193
8814 193
8721 193
8694 193
8672 193
8611 193
8447 193
8379 193
9841 194
9794 194
9775 194
9760 194
9753 194
9713 194
9697 194
9675 194
9658 194
9630 194
9625 194
9620 194
9579 194
9537 194
9503 194
9477 194
9468 194
9428 194
9401 194
9367 194
9337 194
9304 194
9212 194
9160 194
9132 194
9127 194
9044 194
9024 194
8965 194
8829 194
8711 194
8233 194
8164 194
8074 194
9992 195
9958 195
9890 195
9883 195
9826 195
9817 195
9765 195
9746 195
9723 195
9642 195
9619 195
9618 195
9615 195
9559 195
9458 195
9404 195
9314 195
9285 195
9259 195
9229 195
9227 195
9174 195
9153 195
9137 195
9084 195
9009 195
8959 195
8916 195
8804 195
8598 195
8309 195
8292 195
8268 195
8073 195
9854 196
9796 196
9791 196
9729 196
9706 196
9692 196
9687 196
9684 196
9649 196
9646 196
9628 196
9601 196
9586 196
9562 196
9525 196
9479 196
9407 196
9399 196
9336 196
9313 196
9295 196
9194 196
9186 196
9130 196
8975 196
8919 196
8810 196
8809 196
7711 196
9986 197
9981 197
9938 197
9873 197
9857 197
9850 197
9849 197
9797 197
9752 197
9749 197
9682 197
9647 197
9497 197
9360 197
9355 197
9348 197
9298 197
9235 197
9195 197
9025 197
8921 197
8794 197
8726 197
8708 197
8603 197
8389 197
8377 197
8329 197
9956 198
9945 198
9877 198
9876 198
9833 198
9716 198
9709 198
9668 198
9543 198
9532 198
9380 198
8924 198
8807 198
8759 198
8509 198
7863 198
9969 199
9964 199
9951 199
9931 199
9901 199
9886 199
9855 199
9821 199
9803 199
9728 199
9659 199
9623 199
9595 199
9554 199
9505 199
9429 199
9323 199
9308 199
9276 199
9230 199
9202 199
9090 199
9036 199
9994 200
9973 200
9922 200
9853 200
9823 200
9816 200
9763 200
9722 200
9670 200
9597 200
9568 200
9454 200
9426 200
9417 200
9328 200
9312 200
9291 200
9220 200
8887 200
8855 200
8700 200
8425 200
8256 200
9970 201
9963 201
9885 201
9869 201
9784 201
9759 201
9685 201
9636 201
9469 201
9390 201
9385 201
9292 201
9242 201
9196 201
8891 201
8890 201
9976 202
9949 202
9933 202
9913 202
9887 202
9862 202
9822 202
9801 202
9799 202
9656 202
9621 202
9506 202
9478 202
9396 202
9318 202
9300 202
9289 202
9199 202
9011 202
8789 202
8780 202
7912 202
9907 203
9790 203
9756 203
9735 203
9732 203
9637 203
9635 203
9551 203
9538 203
9495 203
9382 203
9012 203
8932 203
8880 203
8801 203
9996 204
9978 204
9916 204
9902 204
9880 204
9750 204
9721 204
9627 204
9585 204
9423 204
9293 204
9273 204
9989 205
9875 205
9864 205
9812 205
9781 205
9742 205
9733 205
9717 205
9691 205
9528 205
9452 205
9184 205
8656 205
9942 206
9940 206
9898 206
9825 206
9773 206
9757 206
9751 206
9743 206
9741 206
9700 206
9667 206
9629 206
9519 206
9480 206
9408 206
9361 206
9310 206
9258 206
9251 206
9203 206
8982 206
8957 206
8885 206
8736 206
8565 206
9993 207
9959 207
9946 207
9903 207
9847 207
9810 207
9739 207
9662 207
9631 207
9492 207
9444 207
9168 207
9110 207
8911 207
9878 208
9868 208
9785 208
9768 208
9695 208
9671 208
9582 208
9435 208
9415 208
9254 208
9133 208
10000 209
9450 209
9431 209
9344 209
9299 209
9980 210
9954 210
9950 210
9895 210
9893 210
9806 210
9779 210
9726 210
9665 210
9584 210
9455 210
9278 210
8945 210
9953 211
9911 211
9856 211
9834 211
9718 211
9432 211
9334 211
9288 211
9154 211
9983 212
9948 212
9923 212
9820 212
9737 212
9712 212
9673 212
9609 212
9433 212
9375 212
9287 212
9252 212
8860 212
9719 213
9672 213
9517 213
9463 213
9359 213
9238 213
9967 214
9910 214
9792 214
9982 215
9734 215
9467 215
9371 215
9261 215
8967 215
9943 216
9894 216
9748 216
9644 216
8881 216
9991 217
9879 217
9578 217
9277 217
9900 218
9999 219
9947 219
9767 219
9736 219
9268 219
9925 220
9861 220
9835 220
9769 220
9762 220
9694 220
9564 220
9975 221
9937 221
9932 221
9912 221
9832 221
9815 221
9808 221
9666 221
9303 221
9770 222
9530 222
9456 222
9758 223
9926 224
9838 224
9830 224
9789 224
9811 225
9606 225
9311 226
9341 227
9805 229
9783 230
9972 231
9612 232
9604 232
9944 239
